 A R N D C Q E G H I L K M F P S T W Y V *
A 103 -150 694 -108 0 -666 -335 -19 -13 -284 -795 282 -774 -110 -470 287 19 -273 257 -24 0
R -150 -842 -212 59 0 78 157 90 6 -210 -41 94 270 -87 -72 -73 71 397 -304 0 0
N 694 -212 1096 -412 0 -689 -602 -330 74 295 -736 331 -771 -1363 -831 526 127 -817 589 -131 0
D -108 59 -412 -543 0 260 326 -159 -43 -101 226 240 92 -244 111 -48 35 117 -10 -118 0
C 0 0 0 0 0 0 0 0 0 0 0 0 0 0 0 0 0 0 0 0 0
Q -666 78 -689 260 0 576 391 -248 -90 197 583 21 107 -142 521 -354 10 222 -251 -453 0
E -335 157 -602 326 0 391 42 -167 -67 -172 478 48 0 324 355 -112 -99 585 -107 -60 0
G -19 90 -330 -159 0 -248 -167 200 -245 -74 -313 -467 256 57 -334 -58 9 -357 -452 -22 0
H -13 6 74 -43 0 -90 -67 -245 2770 223 -42 -178 594 109 98 -32 43 -276 318 314 0
I -284 -210 295 -101 0 197 -172 -74 223 463 389 -220 162 -67 177 2 -247 -526 147 303 0
L -795 -41 -736 226 0 583 478 -313 -42 389 1783 -458 505 344 835 -384 -215 468 169 258 0
K 282 94 331 240 0 21 48 -467 -178 -220 -458 782 231 -205 -783 88 158 225 -94 -779 0
M -774 270 -771 92 0 107 0 256 594 162 505 231 3593 317 -95 -280 14 326 -467 116 0
F -110 -87 -1363 -244 0 -142 324 57 109 -67 344 -205 317 1669 472 -249 -482 439 -11 334 0
P -470 -72 -831 111 0 521 355 -334 98 177 835 -783 -95 472 670 -285 -176 380 341 131 0
S 287 -73 526 -48 0 -354 -112 -58 -32 2 -384 88 -280 -249 -285 22 23 -141 142 -94 0
T 19 71 127 35 0 10 -99 9 43 -247 -215 158 14 -482 -176 23 77 -387 -100 -126 0
W -273 397 -817 117 0 222 585 -357 -276 -526 468 225 326 439 380 -141 -387 1261 206 59 0
Y 257 -304 589 -10 0 -251 -107 -452 318 147 169 -94 -467 -11 341 142 -100 206 368 185 0
V -24 0 -131 -118 0 -453 -60 -22 314 303 258 -779 116 334 131 -94 -126 59 185 -144 0
* 0 0 0 0 0 0 0 0 0 0 0 0 0 0 0 0 0 0 0 0 0
