 A R N D C Q E G H I L K M F P S T W Y V *
A 124 -80 -40 136 -244 -34 49 40 -34 -4 -38 94 -77 -106 15 -39 -107 -39 -70 118 0
R -80 113 -122 -104 94 132 -164 -127 110 -1 -11 -163 -94 14 42 112 -60 -66 -63 -78 0
N -40 -122 478 -208 78 -164 -451 83 -101 8 -152 20 -212 -342 -343 66 -8 -349 248 -17 0
D 136 -104 -208 372 -355 -131 497 -211 -254 29 59 -45 -54 35 25 -240 -171 76 -148 0 0
C -244 94 78 -355 2368 -57 -255 -143 -45 235 -138 75 -200 -462 -241 100 -115 -214 -110 63 0
Q -34 132 -164 -131 -57 448 -511 41 -78 -169 -14 -122 233 107 70 4 63 13 -63 -15 0
E 49 -164 -451 497 -255 -511 453 -205 -361 70 60 18 -145 -244 55 -163 -347 -322 -457 83 0
G 40 -127 83 -211 -143 41 -205 188 -211 -234 -146 63 -27 -228 -248 73 185 -210 17 -82 0
H -34 110 -101 -254 -45 -78 -361 -211 752 165 52 -24 390 267 218 -65 -461 282 246 116 0
I -4 -1 8 29 235 -169 70 -234 165 208 157 73 149 -7 297 64 -328 121 153 149 0
L -38 -11 -152 59 -138 -14 60 -146 52 157 -19 -115 25 211 242 -45 -101 325 135 100 0
K 94 -163 20 -45 75 -122 18 63 -24 73 -115 377 340 -435 98 48 54 -312 -181 -43 0
M -77 -94 -212 -54 -200 233 -145 -27 390 149 25 340 849 358 108 0 -37 253 158 106 0
F -106 14 -342 35 -462 107 -244 -228 267 -7 211 -435 358 583 143 -159 11 703 184 -90 0
P 15 42 -343 25 -241 70 55 -248 218 297 242 98 108 143 146 -15 -175 115 103 14 0
S -39 112 66 -240 100 4 -163 73 -65 64 -45 48 0 -159 -15 28 -24 -282 13 -88 0
T -107 -60 -8 -171 -115 63 -347 185 -461 -328 -101 54 -37 11 -175 -24 380 54 -106 -314 0
W -39 -66 -349 76 -214 13 -322 -210 282 121 325 -312 253 703 115 -282 54 621 162 30 0
Y -70 -63 248 -148 -110 -63 -457 17 246 153 135 -181 158 184 103 13 -106 162 429 -59 0
V 118 -78 -17 0 63 -15 83 -82 116 149 100 -43 106 -90 14 -88 -314 30 -59 146 0
* 0 0 0 0 0 0 0 0 0 0 0 0 0 0 0 0 0 0 0 0 0
