 A R N D C Q E G H I L K M F P S T W Y V *
A 38 43 72 26 -142 -280 14 176 -138 -160 -385 -136 -125 -377 -267 8 39 -122 -191 23 0
R 43 -16 -248 -22 32 48 9 -1 -5 0 19 -136 -22 16 -28 5 -51 107 -186 16 0
N 72 -248 953 -321 -309 -414 -631 -60 372 9 -640 -199 -99 -386 -198 60 166 -61 658 -164 0
D 26 -22 -321 215 -226 -7 344 -110 -449 0 60 -20 -101 -120 109 -141 -198 -236 -60 2 0
C -142 32 -309 -226 2413 -13 -77 -121 -29 169 -233 62 -61 -432 -5 -63 -196 -368 -268 112 0
Q -280 48 -414 -7 -13 475 -372 -170 -225 -56 353 -100 64 371 287 -120 -79 134 95 -15 0
E 14 9 -631 344 -77 -372 349 -123 -398 -23 9 1 -59 -414 33 -77 -400 -548 -627 41 0
G 176 -1 -60 -110 -121 -170 -123 243 -137 -307 -354 -63 -30 -418 -277 38 151 -90 -302 4 0
H -138 -5 372 -449 -29 -225 -398 -137 570 80 -19 -17 186 92 73 -43 -161 -50 427 -458 0
I -160 0 9 0 169 -56 -23 -307 80 39 249 41 -47 116 152 122 -166 -39 179 -90 0
L -385 19 -640 60 -233 353 9 -354 -19 249 335 49 -122 488 407 22 -240 150 93 -1 0
K -136 -136 -199 -20 62 -100 1 -63 -17 41 49 207 64 -317 131 28 76 -306 -292 -66 0
M -125 -22 -99 -101 -61 64 -59 -30 186 -47 -122 64 392 363 -8 25 110 198 -249 -50 0
F -377 16 -386 -120 -432 371 -414 -418 92 116 488 -317 363 509 336 33 -74 396 176 -12 0
P -267 -28 -198 109 -5 287 33 -277 73 152 407 131 -8 336 147 -64 -183 30 232 -158 0
S 8 5 60 -141 -63 -120 -77 38 -43 122 22 28 25 33 -64 -7 -23 -28 -44 -30 0
T 39 -51 166 -198 -196 -79 -400 151 -161 -166 -240 76 110 -74 -183 -23 293 166 -38 -158 0
W -122 107 -61 -236 -368 134 -548 -90 -50 -39 150 -306 198 396 30 -28 166 394 30 56 0
Y -191 -186 658 -60 -268 95 -627 -302 427 179 93 -292 -249 176 232 -44 -38 30 578 -359 0
V 23 16 -164 2 112 -15 41 4 -458 -90 -1 -66 -50 -12 -158 -30 -158 56 -359 29 0
* 0 0 0 0 0 0 0 0 0 0 0 0 0 0 0 0 0 0 0 0 0
