 A R N D C Q E G H I L K M F P S T W Y V *
A 239 -38 45 86 -252 -200 53 176 -91 -97 -334 2 -23 -328 -183 -33 -27 -34 -187 145 0
R -38 151 -259 -118 115 98 -120 -27 -45 1 -43 -203 -51 -65 -42 118 -74 -75 -274 -44 0
N 45 -259 1029 -312 -375 -415 -634 -73 358 -47 -685 -189 -107 -415 -231 41 221 -125 609 -240 0
D 86 -118 -312 407 -261 -43 457 -233 -383 -19 119 -26 -127 29 98 -291 -209 -7 -105 -58 0
C -252 115 -375 -261 2355 36 -201 -164 -75 247 -217 27 -54 -412 27 84 -278 -162 -255 116 0
Q -200 98 -415 -43 36 670 -445 -111 -219 -16 306 56 265 308 287 -49 -96 53 92 21 0
E 53 -120 -634 457 -201 -445 496 -169 -358 -21 64 -42 -152 -317 50 -187 -404 -381 -608 69 0
G 176 -27 -73 -233 -164 -111 -169 342 -269 -370 -405 -9 24 -431 -351 82 231 -176 -244 -34 0
H -91 -45 358 -383 -75 -219 -358 -269 690 184 69 3 281 75 153 -120 -302 60 378 -358 0
I -97 1 -47 -19 247 -16 -21 -370 184 231 314 95 66 36 229 110 -302 -20 164 28 0
L -334 -43 -685 119 -217 306 64 -405 69 314 398 78 -69 537 465 -44 -329 255 101 91 0
K 2 -203 -189 -26 27 56 -42 -9 3 95 78 442 313 -382 193 48 27 -266 -213 22 0
M -23 -51 -107 -127 -54 265 -152 24 281 66 -69 313 787 220 53 58 -50 254 -123 80 0
F -328 -65 -415 29 -412 308 -317 -431 75 36 537 -382 220 749 257 -95 -77 627 248 -94 0
P -183 -42 -231 98 27 287 50 -351 153 229 465 193 53 257 324 -91 -292 17 186 -66 0
S -33 118 41 -291 84 -49 -187 82 -120 110 -44 48 58 -95 -91 100 -20 -234 -62 -70 0
T -27 -74 221 -209 -278 -96 -404 231 -302 -302 -329 27 -50 -77 -292 -20 477 99 -10 -298 0
W -34 -75 -125 -7 -162 53 -381 -176 60 -20 255 -266 254 627 17 -234 99 634 59 74 0
Y -187 -274 609 -105 -255 92 -608 -244 378 164 101 -213 -123 248 186 -62 -10 59 656 -329 0
V 145 -44 -240 -58 116 21 69 -34 -358 28 91 22 80 -94 -66 -70 -298 74 -329 244 0
* 0 0 0 0 0 0 0 0 0 0 0 0 0 0 0 0 0 0 0 0 0
