 A R N D C Q E G H I L K M F P S T W Y V *
A -270 -70 50 159 -233 -56 140 48 -101 -51 -54 -94 -114 -147 -1 -27 -109 -305 18 33 0
R -70 -217 17 -107 187 40 -69 -35 56 135 62 103 6 62 49 52 -22 82 12 29 0
N 50 17 -108 -97 -21 133 -532 95 137 19 38 -293 -121 -11 79 -13 -45 49 232 -18 0
D 159 -107 -97 161 -211 -262 424 -15 -239 -50 -103 21 -247 -389 -60 -61 -269 -641 -231 94 0
C -233 187 -21 -211 1485 -12 -32 -212 335 298 -15 291 -29 -325 67 -104 -159 -533 -241 93 0
Q -56 40 133 -262 -12 239 -971 55 119 -57 34 -195 94 188 61 0 108 255 196 -118 0
E 140 -69 -532 424 -32 -971 265 -151 -783 27 -171 360 -391 -847 -145 -40 -511 -1183 -1241 151 0
G 48 -35 95 -15 -212 55 -151 -18 105 -155 34 -118 63 27 25 -6 128 132 126 -38 0
H -101 56 137 -239 335 119 -783 105 109 -239 42 -53 96 -26 76 -110 157 143 89 -96 0
I -51 135 19 -50 298 -57 27 -155 -239 -373 59 85 -27 -300 57 66 -40 97 -19 126 0
L -54 62 38 -103 -15 34 -171 34 42 59 -394 -58 -119 47 44 68 -1 221 102 29 0
K -94 103 -293 21 291 -195 360 -118 -53 85 -58 -158 312 -10 -46 28 72 -202 -544 36 0
M -114 6 -121 -247 -29 94 -391 63 96 -27 -119 312 198 355 -25 -42 457 69 -229 -295 0
F -147 62 -11 -389 -325 188 -847 27 -26 -300 47 -10 355 -53 42 66 363 428 105 -199 0
P -1 49 79 -60 67 61 -145 25 76 57 44 -46 -25 42 -352 20 0 69 101 13 0
S -27 52 -13 -61 -104 0 -40 -6 -110 66 68 28 -42 66 20 -195 -15 88 31 20 0
T -109 -22 -45 -269 -159 108 -511 128 157 -40 -1 72 457 363 0 -15 217 338 4 -259 0
W -305 82 49 -641 -533 255 -1183 132 143 97 221 -202 69 428 69 88 338 445 273 -260 0
Y 18 12 232 -231 -241 196 -1241 126 89 -19 102 -544 -229 105 101 31 4 273 -11 -53 0
V 33 29 -18 94 93 -118 151 -38 -96 126 29 36 -295 -199 13 20 -259 -260 -53 -440 0
* 0 0 0 0 0 0 0 0 0 0 0 0 0 0 0 0 0 0 0 0 0
