 A R N D C Q E G H I L K M F P S T W Y V *
A 2039 -385 -677 -516 0 226 16 -134 0 290 415 0 181 0 -194 -375 122 448 691 575 0
R -385 1921 -146 -102 235 0 -661 922 255 486 502 0 219 67 235 -728 157 486 742 219 0
N -677 -146 112 547 329 267 -598 71 349 -352 -861 0 -61 -234 626 -621 266 -381 -50 -91 0
D -516 -102 547 1851 368 606 -456 408 388 -872 -1288 0 -130 -196 777 -1423 533 -742 -130 6 0
C 0 235 329 368 618 0 0 107 388 0 -564 0 0 -196 368 -693 303 0 388 0 0
Q 226 0 267 606 0 1294 410 -716 0 -158 0 880 -280 0 913 123 341 0 243 293 0
E 16 -661 -598 -456 0 410 2078 -483 0 21 475 388 -44 296 176 -1407 -539 -51 -117 148 0
G -134 922 71 408 107 -716 -483 401 -390 -388 -966 -610 104 -1215 -786 -1865 -819 181 -71 -1518 0
H 0 255 349 388 388 0 0 -390 316 387 -157 0 0 231 388 -289 731 0 816 0 0
I 290 486 -352 -872 0 -158 21 -388 387 1389 942 0 210 494 120 277 193 448 675 102 0
L 415 502 -861 -1288 -564 0 475 -966 -157 942 1937 0 200 890 -832 665 -52 486 262 348 0
K 0 0 0 0 0 880 388 -610 0 0 0 1344 0 0 373 208 96 0 0 387 0
M 181 219 -61 -130 0 -280 -44 104 0 210 200 0 -556 0 -251 -8 -25 181 162 75 0
F 0 67 -234 -196 -196 0 296 -1215 231 494 890 0 0 656 46 848 147 0 231 -335 0
P -194 235 626 777 368 913 176 -786 388 120 -832 373 -251 46 933 -151 410 0 369 -1037 0
S -375 -728 -621 -1423 -693 123 -1407 -1865 -289 277 665 208 -8 848 -151 378 -489 -174 -723 -665 0
T 122 157 266 533 303 341 -539 -819 731 193 -52 96 -25 147 410 -489 1142 -51 940 224 0
W 448 486 -381 -742 0 0 -51 181 0 448 486 0 181 0 0 -174 -51 948 448 181 0
Y 691 742 -50 -130 388 243 -117 -71 816 675 262 0 162 231 369 -723 940 448 2175 363 0
V 575 219 -91 6 0 293 148 -1518 0 102 348 387 75 -335 -1037 -665 224 181 363 744 0
* 0 0 0 0 0 0 0 0 0 0 0 0 0 0 0 0 0 0 0 0 0
