 A R N D C Q E G H I L K M F P S T W Y V *
A 191 -58 27 130 -243 -93 49 121 -78 -68 -236 47 -47 -287 -114 -43 -60 -64 -131 114 0
R -58 136 -198 -90 60 117 -141 -88 20 34 -41 -183 -69 -54 -2 108 -54 -62 -141 -74 0
N 27 -198 704 -289 122 -341 -593 110 -75 -22 -408 -75 -14 -325 -433 148 3 -288 276 -83 0
D 130 -90 -289 398 -311 -79 489 -212 -403 -38 80 -12 -94 33 43 -282 -175 75 -186 21 0
C -243 60 122 -311 2301 -45 -234 -197 25 276 -215 -4 -139 -385 -129 55 -168 -115 24 140 0
Q -93 117 -341 -79 -45 533 -488 -20 -209 -205 122 -60 213 239 178 -60 32 55 -21 32 0
E 49 -141 -593 489 -234 -488 489 -204 -348 46 68 16 -184 -291 62 -183 -366 -370 -476 67 0
G 121 -88 110 -212 -197 -20 -204 273 -341 -349 -334 30 -19 -400 -370 61 231 -198 -90 -77 0
H -78 20 -75 -403 25 -209 -348 -341 755 372 238 -13 349 312 206 13 -377 168 358 -69 0
I -68 34 -22 -38 276 -205 46 -349 372 273 299 -26 143 -24 262 109 -375 -8 210 35 0
L -236 -41 -408 80 -215 122 68 -334 238 299 212 -17 -10 429 422 -62 -204 328 231 92 0
K 47 -183 -75 -12 -4 -60 16 30 -13 -26 -17 450 327 -349 176 14 51 -265 -214 -3 0
M -47 -69 -14 -94 -139 213 -184 -19 349 143 -10 327 830 316 88 74 -59 238 8 67 0
F -287 -54 -325 33 -385 239 -291 -400 312 -24 429 -349 316 778 292 -125 -77 669 343 -104 0
P -114 -2 -433 43 -129 178 62 -370 206 262 422 176 88 292 305 -46 -256 116 177 30 0
S -43 108 148 -282 55 -60 -183 61 13 109 -62 14 74 -125 -46 85 -30 -260 31 -121 0
T -60 -54 3 -175 -168 32 -366 231 -377 -375 -204 51 -59 -77 -256 -30 428 59 -152 -300 0
W -64 -62 -288 75 -115 55 -370 -198 168 -8 328 -265 238 669 116 -260 59 566 105 37 0
Y -131 -141 276 -186 24 -21 -476 -90 358 210 231 -214 8 343 177 31 -152 105 450 -117 0
V 114 -74 -83 21 140 32 67 -77 -69 35 92 -3 67 -104 30 -121 -300 37 -117 164 0
* 0 0 0 0 0 0 0 0 0 0 0 0 0 0 0 0 0 0 0 0 0
