 A R N D C Q E G H I L K M F P S T W Y V *
A -8 23 53 70 -133 -173 9 121 -125 -130 -288 -92 -150 -336 -198 -2 5 -152 -135 -7 0
R 23 -31 -187 5 -22 67 -11 -61 60 32 21 -116 -40 28 10 -4 -32 120 -52 -13 0
N 53 -187 628 -298 189 -340 -590 123 -61 33 -363 -85 -6 -297 -400 167 -50 -224 325 -6 0
D 70 5 -298 206 -275 -43 376 -89 -468 -19 21 -6 -69 -117 54 -132 -164 -153 -141 82 0
C -133 -22 189 -275 2359 -95 -110 -153 70 199 -231 30 -146 -405 -163 -92 -86 -321 12 136 0
Q -173 67 -340 -43 -95 339 -416 -79 -216 -245 169 -217 13 302 178 -131 50 136 -17 -4 0
E 9 -11 -590 376 -110 -416 342 -158 -389 44 13 60 -92 -388 45 -73 -362 -537 -495 39 0
G 121 -61 123 -89 -153 -79 -158 174 -209 -286 -283 -23 -73 -388 -297 17 151 -112 -149 -38 0
H -125 60 -61 -468 70 -216 -389 -209 635 268 150 -34 254 329 125 90 -235 57 407 -169 0
I -130 32 33 -19 199 -245 44 -286 268 81 235 -80 29 54 185 121 -239 -27 225 -83 0
L -288 21 -363 21 -231 169 13 -283 150 235 149 -46 -63 380 365 4 -116 223 223 0 0
K -92 -116 -85 -6 30 -217 60 -23 -34 -80 -46 216 78 -284 115 -5 99 -305 -293 -92 0
M -150 -40 -6 -69 -146 13 -92 -73 254 29 -63 78 435 458 26 41 101 182 -116 -63 0
F -336 28 -297 -117 -405 302 -388 -388 329 54 380 -284 458 538 372 3 -73 438 272 -21 0
P -198 10 -400 54 -163 178 45 -297 125 185 365 115 26 372 128 -20 -147 129 223 -60 0
S -2 -4 167 -132 -92 -131 -73 17 90 121 4 -5 41 3 -20 -22 -34 -55 49 -81 0
T 5 -32 -50 -164 -86 50 -362 151 -235 -239 -116 99 101 -73 -147 -34 244 125 -180 -160 0
W -152 120 -224 -153 -321 136 -537 -112 57 -27 223 -305 182 438 129 -55 125 326 76 19 0
Y -135 -52 325 -141 12 -17 -495 -149 407 225 223 -293 -116 272 223 49 -180 76 372 -147 0
V -7 -13 -6 82 136 -4 39 -38 -169 -83 0 -92 -63 -21 -60 -81 -160 19 -147 -50 0
* 0 0 0 0 0 0 0 0 0 0 0 0 0 0 0 0 0 0 0 0 0
