 A R N D C Q E G H I L K M F P S T W Y V *
A 130 -234 -2 280 -452 103 220 48 -6 74 48 184 89 -49 167 -110 -242 -129 25 276 0
R -234 118 -4 -298 352 140 -329 -89 -22 138 -62 -29 -51 -102 21 278 -66 -282 -164 -92 0
N -2 -4 43 -78 -154 132 -538 70 110 -93 -51 -273 -136 -68 13 -51 63 -79 135 -170 0
D 280 -298 -78 544 -283 -334 650 -261 -109 -88 14 9 -297 -88 -83 -361 -290 -182 -321 -27 0
C -452 352 -154 -283 1370 86 -280 -299 245 453 15 221 -15 -285 134 191 -323 -121 -216 101 0
Q 103 140 132 -334 86 627 -1117 173 131 23 -60 119 495 62 62 141 73 93 189 -44 0
E 220 -329 -538 650 -280 -1117 558 -243 -703 32 -62 272 -575 -654 -111 -259 -519 -850 -1202 208 0
G 48 -89 70 -261 -299 173 -243 179 -158 -281 -68 -10 172 2 -121 80 288 -39 243 -116 0
H -6 -22 110 -109 245 131 -703 -158 350 -30 220 -11 285 -61 237 -264 -125 366 -6 103 0
I 74 138 -93 -88 453 23 32 -281 -30 10 188 193 200 -459 211 42 -312 135 -50 364 0
L 48 -62 -51 14 15 -60 -62 -68 220 188 -267 0 -13 145 159 -65 -178 432 117 214 0
K 184 -29 -273 9 221 119 272 -10 -11 193 0 310 811 -141 76 69 -23 -122 -387 215 0
M 89 -51 -136 -297 -15 495 -575 172 285 200 -13 811 987 70 99 23 135 181 21 -32 0
F -49 -102 -68 -88 -285 62 -654 2 -61 -459 145 -141 70 425 -115 -192 356 890 248 -364 0
P 167 21 13 -83 134 62 -111 -121 237 211 159 76 99 -115 3 -32 -217 43 9 195 0
S -110 278 -51 -361 191 141 -259 80 -264 42 -65 69 23 -192 -32 20 -8 -322 -5 -59 0
T -242 -66 63 -290 -323 73 -519 288 -125 -312 -178 -23 135 356 -217 -8 585 205 60 -539 0
W -129 -282 -79 -182 -121 93 -850 -39 366 135 432 -122 181 890 43 -322 205 925 331 -223 0
Y 25 -164 135 -321 -216 189 -1202 243 -6 -50 117 -387 21 248 9 -5 60 331 145 6 0
V 276 -92 -170 -27 101 -44 208 -116 103 364 214 215 -32 -364 195 -59 -539 -223 6 -10 0
* 0 0 0 0 0 0 0 0 0 0 0 0 0 0 0 0 0 0 0 0 0
