 A R N D C Q E G H I L K M F P S T W Y V *
A 459 131 -1 7 -84 23 -237 -108 -531 -183 180 -105 -79 -342 361 6 275 -481 -422 399 0
R 131 552 -609 -1072 371 240 -939 -268 -10 365 252 188 158 -346 -27 225 153 1 -314 158 0
N -1 -609 594 355 -19 -192 -136 77 -186 -480 -547 -379 -915 -333 -144 -275 -327 -955 -558 -15 0
D 7 -1072 355 300 -530 -364 215 119 85 -442 -560 -468 -634 68 39 -480 -301 -608 -98 -71 0
C -84 371 -19 -530 786 201 -552 -290 -5 -133 -56 318 -194 -161 51 191 144 58 -728 90 0
Q 23 240 -192 -364 201 369 115 -458 -61 503 506 542 -170 296 240 -81 258 304 -100 323 0
E -237 -939 -136 215 -552 115 1096 -60 -81 227 -202 311 -473 414 -119 -935 -395 30 298 -128 0
G -108 -268 77 119 -290 -458 -60 221 -22 -429 -548 -191 -23 -292 -387 -184 -261 -254 170 -460 0
H -531 -10 -186 85 -5 -61 -81 -22 99 109 45 38 -64 207 -220 -61 -491 316 197 -231 0
I -183 365 -480 -442 -133 503 227 -429 109 568 764 495 8 442 91 -195 10 512 172 303 0
L 180 252 -547 -560 -56 506 -202 -548 45 764 1005 500 40 535 374 67 227 593 196 513 0
K -105 188 -379 -468 318 542 311 -191 38 495 500 506 26 112 82 -186 258 427 192 337 0
M -79 158 -915 -634 -194 -170 -473 -23 -64 8 40 26 816 -388 -69 -31 -72 -71 -333 -17 0
F -342 -346 -333 68 -161 296 414 -292 207 442 535 112 -388 1406 147 -495 -309 666 621 196 0
P 361 -27 -144 39 51 240 -119 -387 -220 91 374 82 -69 147 220 55 354 119 34 290 0
S 6 225 -275 -480 191 -81 -935 -184 -61 -195 67 -186 -31 -495 55 347 151 -119 -363 -210 0
T 275 153 -327 -301 144 258 -395 -261 -491 10 227 258 -72 -309 354 151 464 -148 -456 329 0
W -481 1 -955 -608 58 304 30 -254 316 512 593 427 -71 666 119 -119 -148 1244 333 20 0
Y -422 -314 -558 -98 -728 -100 298 170 197 172 196 192 -333 621 34 -363 -456 333 1658 -65 0
V 399 158 -15 -71 90 323 -128 -460 -231 303 513 337 -17 196 290 -210 329 20 -65 485 0
* 0 0 0 0 0 0 0 0 0 0 0 0 0 0 0 0 0 0 0 0 0
