 A R N D C Q E G H I L K M F P S T W Y V *
A 978 -497 249 -417 -174 -229 -81 -351 -425 -510 -587 -323 -613 -536 -349 169 242 -521 -72 -25 0
R -497 1094 -286 76 418 334 -371 -652 220 -67 333 30 -191 -277 -247 -919 -143 20 -50 -194 0
N 249 -286 1473 278 -53 -555 -286 -68 -113 -321 -951 -267 -485 -642 -490 -432 626 -439 324 84 0
D -417 76 278 940 11 188 -87 -6 44 94 -368 -21 35 -77 180 -710 173 173 -51 -137 0
C -174 418 -53 11 705 -119 -45 -367 173 -308 -232 48 -355 -6 38 -312 -12 -5 15 52 0
Q -229 334 -555 188 -119 1315 495 -1566 383 477 814 241 -14 519 152 -618 -102 374 -68 84 0
E -81 -371 -286 -87 -45 495 1296 -686 294 79 -59 467 -105 375 250 -884 -438 356 -219 -346 0
G -351 -652 -68 -6 -367 -1566 -686 956 -724 -1232 -1884 -938 140 -1159 -1171 -736 -624 -797 -461 -1586 0
H -425 220 -113 44 173 383 294 -724 712 103 72 270 48 434 409 -521 -204 291 43 105 0
I -510 -67 -321 94 -308 477 79 -1232 103 1112 640 397 229 703 405 -47 -196 627 39 363 0
L -587 333 -951 -368 -232 814 -59 -1884 72 640 1736 28 -68 710 -13 -658 -1088 558 -330 -232 0
K -323 30 -267 -21 48 241 467 -938 270 397 28 1177 386 227 385 -429 -59 113 -184 426 0
M -613 -191 -485 35 -355 -14 -105 140 48 229 -68 386 915 103 -32 -262 -208 241 -215 228 0
F -536 -277 -642 -77 -6 519 375 -1159 434 703 710 227 103 1162 421 -157 -523 548 103 73 0
P -349 -247 -490 180 38 152 250 -1171 409 405 -13 385 -32 421 1111 -515 -61 148 -196 160 0
S 169 -919 -432 -710 -312 -618 -884 -736 -521 -47 -658 -429 -262 -157 -515 905 -606 -230 -304 -286 0
T 242 -143 626 173 -12 -102 -438 -624 -204 -196 -1088 -59 -208 -523 -61 -606 1104 -181 176 264 0
W -521 20 -439 173 -5 374 356 -797 291 627 558 113 241 548 148 -230 -181 748 117 -185 0
Y -72 -50 324 -51 15 -68 -219 -461 43 39 -330 -184 -215 103 -196 -304 176 117 998 -281 0
V -25 -194 84 -137 52 84 -346 -1586 105 363 -232 426 228 73 160 -286 264 -185 -281 1008 0
* 0 0 0 0 0 0 0 0 0 0 0 0 0 0 0 0 0 0 0 0 0
