 A R N D C Q E G H I L K M F P S T W Y V *
A 1193 -37 105 -235 136 -382 -229 -441 -672 -281 -914 -150 -21 -599 -376 11 181 -333 14 181 0
R -37 1836 -424 -158 304 344 -152 -794 550 147 542 452 152 258 178 -754 -186 211 173 138 0
N 105 -424 1254 -20 123 -467 -202 196 -30 -461 -1389 -35 53 -499 -391 -264 409 -346 190 -56 0
D -235 -158 -20 1405 105 207 -71 -21 233 102 -260 -52 50 285 438 -954 -202 287 -211 -119 0
C 136 304 123 105 609 40 180 -23 126 51 -132 129 44 -56 -34 -23 6 88 110 0 0
Q -382 344 -467 207 40 2044 640 -1639 106 438 962 457 231 682 375 -393 -168 442 -500 296 0
E -229 -152 -202 -71 180 640 1652 -743 -163 291 178 543 -55 438 277 -996 -754 215 -478 149 0
G -441 -794 196 -21 -23 -1639 -743 923 -431 -2007 -2018 -1018 -113 -1516 -1301 -841 -645 -909 -485 -734 0
H -672 550 -30 233 126 106 -163 -431 947 -241 -306 187 -50 318 275 -728 -416 264 493 -38 0
I -281 147 -461 102 51 438 291 -2007 -241 1891 738 219 500 254 242 109 6 623 -97 487 0
L -914 542 -1389 -260 -132 962 178 -2018 -306 738 1979 149 -23 773 88 -538 -1435 378 -380 -94 0
K -150 452 -35 -52 129 457 543 -1018 187 219 149 1193 214 63 610 -335 273 -15 84 397 0
M -21 152 53 50 44 231 -55 -113 -50 500 -23 214 1201 332 7 -131 482 56 -152 591 0
F -599 258 -499 285 -56 682 438 -1516 318 254 773 63 332 1651 299 -40 -623 430 27 8 0
P -376 178 -391 438 -34 375 277 -1301 275 242 88 610 7 299 1065 -402 -85 -6 -165 103 0
S 11 -754 -264 -954 -23 -393 -996 -841 -728 109 -538 -335 -131 -40 -402 967 -615 -6 -752 -362 0
T 181 -186 409 -202 6 -168 -754 -645 -416 6 -1435 273 482 -623 -85 -615 1479 -174 -73 129 0
W -333 211 -346 287 88 442 215 -909 264 623 378 -15 56 430 -6 -6 -174 1431 280 94 0
Y 14 173 190 -211 110 -500 -478 -485 493 -97 -380 84 -152 27 -165 -752 -73 280 1850 -395 0
V 181 138 -56 -119 0 296 149 -734 -38 487 -94 397 591 8 103 -362 129 94 -395 1945 0
* 0 0 0 0 0 0 0 0 0 0 0 0 0 0 0 0 0 0 0 0 0
