 A R N D C Q E G H I L K M F P S T W Y V *
A 903 -654 227 -446 121 -198 -107 -324 -299 -501 -758 -267 -446 -598 -327 165 194 -611 -106 -51 0
R -654 1029 -134 -167 230 20 -94 -590 240 -139 398 223 -362 -106 -315 -1104 -112 -132 -14 -99 0
N 227 -134 1428 -94 93 -610 -330 -109 -264 -291 -910 82 -424 -578 -472 -431 624 -482 319 -43 0
D -446 -167 -94 984 105 167 -71 -1 214 178 -284 -12 163 -5 319 -718 72 133 -178 -194 0
C 121 230 93 105 459 -68 148 4 106 0 -161 48 -4 -56 -29 -73 14 89 110 0 0
Q -198 20 -610 167 -68 1618 413 -1474 85 299 660 64 -98 438 196 -531 -89 263 -314 -83 0
E -107 -94 -330 -71 148 413 1287 -673 326 -103 -234 446 -148 304 100 -853 -408 351 36 -331 0
G -324 -590 -109 -1 4 -1474 -673 914 -287 -1219 -1886 -952 158 -1103 -1110 -724 -623 -779 -398 -1634 0
H -299 240 -264 214 106 85 326 -287 795 -406 -143 232 110 246 176 -467 -152 95 289 33 0
I -501 -139 -291 178 0 299 -103 -1219 -406 1168 568 301 16 673 307 -22 -153 590 -35 388 0
L -758 398 -910 -284 -161 660 -234 -1886 -143 568 1872 93 -490 727 -28 -678 -1244 639 -235 -309 0
K -267 223 82 -12 48 64 446 -952 232 301 93 1127 126 85 255 -351 -36 -23 0 382 0
M -446 -362 -424 163 -4 -98 -148 158 110 16 -490 126 961 -74 -351 -174 73 87 62 241 0
F -598 -106 -578 -5 -56 438 304 -1103 246 673 727 85 -74 1141 343 -92 -543 468 -58 23 0
P -327 -315 -472 319 -29 196 100 -1110 176 307 -28 255 -351 343 1015 -522 -27 40 -264 102 0
S 165 -1104 -431 -718 -73 -531 -853 -724 -467 -22 -678 -351 -174 -92 -522 817 -599 -94 -371 -207 0
T 194 -112 624 72 14 -89 -408 -623 -152 -153 -1244 -36 73 -543 -27 -599 1020 -242 140 157 0
W -611 -132 -482 133 89 263 351 -779 95 590 639 -23 87 468 40 -94 -242 1083 -30 -147 0
Y -106 -14 319 -178 110 -314 36 -398 289 -35 -235 0 62 -58 -264 -371 140 -30 999 -443 0
V -51 -99 -43 -194 0 -83 -331 -1634 33 388 -309 382 241 23 102 -207 157 -147 -443 1011 0
* 0 0 0 0 0 0 0 0 0 0 0 0 0 0 0 0 0 0 0 0 0
