 A R N D C Q E G H I L K M F P S T W Y V *
A 1048 -502 10 48 -280 22 219 -439 -315 -191 -117 -127 -349 -312 -9 -32 188 -129 -108 -52 0
R -502 1315 -255 -375 556 226 -606 -584 233 48 405 170 -113 -78 -149 -710 -239 2 125 40 0
N 10 -255 1269 79 -123 -74 19 114 -6 -360 -292 -214 -459 -386 118 -545 276 -541 -69 74 0
D 48 -375 79 1026 -239 332 73 -39 290 -37 -416 -95 -338 193 317 -907 -82 -249 7 -30 0
C -280 556 -123 -239 1015 5 -126 -409 175 -209 -158 208 -314 -87 -3 -262 0 23 -147 54 0
Q 22 226 -74 332 5 1313 572 -990 -90 238 414 640 -58 93 266 -564 407 -31 118 -212 0
E 219 -606 19 73 -126 572 1567 -568 204 265 153 643 -121 465 316 -1099 -288 211 199 -133 0
G -439 -584 114 -39 -409 -990 -568 809 -316 -1069 -1331 -920 -47 -602 -1028 -910 -1049 -241 -111 -1677 0
H -315 233 -6 290 175 -90 204 -316 589 262 -14 227 -2 465 84 -306 -42 261 425 68 0
I -191 48 -360 -37 -209 238 265 -1069 262 916 758 460 198 683 356 -62 120 487 228 472 0
L -117 405 -292 -416 -158 414 153 -1331 -14 758 1549 273 205 416 38 -292 -95 487 145 98 0
K -127 170 -214 -95 208 640 643 -920 227 460 273 1145 200 230 707 -419 274 341 193 505 0
M -349 -113 -459 -338 -314 -58 -121 -47 -2 198 205 200 872 -70 36 -240 -168 132 -83 61 0
F -312 -78 -386 193 -87 93 465 -602 465 683 416 230 -70 1507 112 -276 -57 472 458 360 0
P -9 -149 118 317 -3 266 316 -1028 84 356 38 707 36 112 978 -458 323 -46 163 204 0
S -32 -710 -545 -907 -262 -564 -1099 -910 -306 -62 -292 -419 -240 -276 -458 1015 -546 32 -428 -553 0
T 188 -239 276 -82 0 407 -288 -1049 -42 120 -95 274 -168 -57 323 -546 1037 -227 103 382 0
W -129 2 -541 -249 23 -31 211 -241 261 487 487 341 132 472 -46 32 -227 723 251 -92 0
Y -108 125 -69 7 -147 118 199 -111 425 228 145 193 -83 458 163 -428 103 251 1330 -116 0
V -52 40 74 -30 54 -212 -133 -1677 68 472 98 505 61 360 204 -553 382 -92 -116 1029 0
* 0 0 0 0 0 0 0 0 0 0 0 0 0 0 0 0 0 0 0 0 0
