 A R N D C Q E G H I L K M F P S T W Y V *
A 674 -245 86 -56 65 86 93 -385 -347 22 -211 -91 129 -195 23 -66 6 -43 -138 211 0
R -245 1120 -135 -385 143 340 -331 -322 124 284 477 275 283 -108 -60 -609 34 142 -95 166 0
N 86 -135 953 117 28 -30 124 -101 -25 -4 -87 -188 -223 21 15 -396 319 -106 -80 130 0
D -56 -385 117 607 -163 -46 50 25 79 -272 -530 -120 -445 266 167 -604 -125 -328 -16 171 0
C 65 143 28 -163 341 173 43 48 19 41 37 41 46 0 -223 110 -162 66 0 -46 0
Q 86 340 -30 -46 173 1082 470 -763 -143 23 264 689 5 104 520 -174 -47 228 29 7 0
E 93 -331 124 50 43 470 1237 -423 175 315 157 511 -272 450 81 -1135 -219 355 204 562 0
G -385 -322 -101 25 48 -763 -423 626 -332 -815 -859 -816 -180 -432 -969 -502 -1010 81 -136 -1252 0
H -347 124 -25 79 19 -143 175 -332 724 283 132 180 40 529 -53 -28 4 107 263 79 0
I 22 284 -4 -272 41 23 315 -815 283 1174 658 309 9 523 172 14 194 445 157 563 0
L -211 477 -87 -530 37 264 157 -859 132 658 1203 196 310 213 168 -552 245 499 291 386 0
K -91 275 -188 -120 41 689 511 -816 180 309 196 839 -6 208 419 -399 168 167 -69 528 0
M 129 283 -223 -445 46 5 -272 -180 40 9 310 -6 701 -66 -48 153 118 29 -154 -4 0
F -195 -108 21 266 0 104 450 -432 529 523 213 208 -66 1502 148 -318 140 260 511 538 0
P 23 -60 15 167 -223 520 81 -969 -53 172 168 419 -48 148 382 -400 289 -176 -70 396 0
S -66 -609 -396 -604 110 -174 -1135 -502 -28 14 -552 -399 153 -318 -400 804 -272 162 -102 -621 0
T 6 34 319 -125 -162 -47 -219 -1010 4 194 245 168 118 140 289 -272 779 -289 98 282 0
W -43 142 -106 -328 66 228 355 81 107 445 499 167 29 260 -176 162 -289 1094 201 198 0
Y -138 -95 -80 -16 0 29 204 -136 263 157 291 -69 -154 511 -70 -102 98 201 967 -336 0
V 211 166 130 171 -46 7 562 -1252 79 563 386 528 -4 538 396 -621 282 198 -336 1046 0
* 0 0 0 0 0 0 0 0 0 0 0 0 0 0 0 0 0 0 0 0 0
