 A R N D C Q E G H I L K M F P S T W Y V *
A 399 -179 -49 13 86 381 -206 -506 -271 73 -344 -46 184 -34 21 -131 28 86 -45 320 0
R -179 1308 18 -4 112 364 -92 -367 260 165 542 187 151 80 166 -568 79 129 60 150 0
N -49 18 164 34 -1 48 -51 -59 -3 89 70 -46 54 57 72 1 237 132 60 246 0
D 13 -4 34 709 0 157 108 24 176 27 -184 95 -88 315 246 -502 -106 44 93 69 0
C 86 112 -1 0 294 122 49 -14 46 54 30 -15 46 0 -234 111 -220 65 0 0 0
Q 381 364 48 157 122 1294 544 -616 196 194 190 477 140 253 281 18 -76 59 -32 344 0
E -206 -92 -51 108 49 544 682 -343 127 188 -40 300 -177 243 -111 -1011 -652 131 50 120 0
G -506 -367 -59 24 -14 -616 -343 522 -315 -582 -686 -718 -170 -405 -857 -427 -983 67 -66 -752 0
H -271 260 -3 176 46 196 127 -315 687 264 263 199 42 303 138 -6 -68 65 334 174 0
I 73 165 89 27 54 194 188 -582 264 1256 458 50 197 271 108 123 276 233 195 339 0
L -344 542 70 -184 30 190 -40 -686 263 458 1147 13 384 227 -89 -407 190 131 311 443 0
K -46 187 -46 95 -15 477 300 -718 199 50 13 462 25 156 363 -273 85 -47 -2 158 0
M 184 151 54 -88 46 140 -177 -170 42 197 384 25 455 201 41 103 169 68 66 137 0
F -34 80 57 315 0 253 243 -405 303 271 227 156 201 1312 98 -140 121 56 195 166 0
P 21 166 72 246 -234 281 -111 -857 138 108 -89 363 41 98 439 -434 280 -211 93 239 0
S -131 -568 1 -502 111 18 -1011 -427 -6 123 -407 -273 103 -140 -434 526 -91 153 -253 -357 0
T 28 79 237 -106 -220 -76 -652 -983 -68 276 190 85 169 121 280 -91 862 -167 145 207 0
W 86 129 132 44 65 59 131 67 65 233 131 -47 68 56 -211 153 -167 742 59 130 0
Y -45 60 60 93 0 -32 50 -66 334 195 311 -2 66 195 93 -253 145 59 858 119 0
V 320 150 246 69 0 344 120 -752 174 339 443 158 137 166 239 -357 207 130 119 983 0
* 0 0 0 0 0 0 0 0 0 0 0 0 0 0 0 0 0 0 0 0 0
