 A R N D C Q E G H I L K M F P S T W Y V *
A 767 -591 64 -434 -338 -31 222 -357 -316 -263 -97 17 -11 -216 112 -103 13 -40 -220 210 0
R -591 1084 -138 -316 326 389 -850 -452 124 204 432 -201 278 -63 -541 -884 15 38 -8 230 0
N 64 -138 882 22 -9 -81 130 6 7 -164 -110 -75 -276 -117 74 -316 165 -361 -23 72 0
D -434 -316 22 630 -193 109 78 -198 223 -70 -386 -152 -351 355 163 -921 -93 -371 -75 243 0
C -338 326 -9 -193 673 220 -206 -273 45 4 25 114 -67 -28 -202 -160 -30 72 -301 83 0
Q -31 389 -81 109 220 932 408 -871 -112 87 284 612 -157 97 270 -372 194 -123 55 101 0
E 222 -850 130 78 -206 408 1430 -348 152 281 3 554 -178 337 197 -1114 -403 208 95 435 0
G -357 -452 6 -198 -273 -871 -348 689 -363 -878 -954 -741 -156 -506 -881 -478 -1110 -25 -188 -1315 0
H -316 124 7 223 45 -112 152 -363 552 313 162 92 21 593 -135 -120 -39 257 327 251 0
I -263 204 -164 -70 4 87 281 -878 313 828 687 317 101 614 234 -350 178 349 372 571 0
L -97 432 -110 -386 25 284 3 -954 162 687 1171 90 289 385 -11 -603 393 374 347 526 0
K 17 -201 -75 -152 114 612 554 -741 92 317 90 1035 30 110 552 -342 63 229 19 486 0
M -11 278 -276 -351 -67 -157 -178 -156 21 101 289 30 591 -171 -40 26 0 49 -8 24 0
F -216 -63 -117 355 -28 97 337 -506 593 614 385 110 -171 1387 24 -365 16 433 545 555 0
P 112 -541 74 163 -202 270 197 -881 -135 234 -11 552 -40 24 550 -344 164 -136 -77 275 0
S -103 -884 -316 -921 -160 -372 -1114 -478 -120 -350 -603 -342 26 -365 -344 841 -242 101 -172 -716 0
T 13 15 165 -93 -30 194 -403 -1110 -39 178 393 63 0 16 164 -242 912 -257 57 271 0
W -40 38 -361 -371 72 -123 208 -25 257 349 374 229 49 433 -136 101 -257 603 262 106 0
Y -220 -8 -23 -75 -301 55 95 -188 327 372 347 19 -8 545 -77 -172 57 262 1145 -140 0
V 210 230 72 243 83 101 435 -1315 251 571 526 486 24 555 275 -716 271 106 -140 1029 0
* 0 0 0 0 0 0 0 0 0 0 0 0 0 0 0 0 0 0 0 0 0
