 A R N D C Q E G H I L K M F P S T W Y V *
A 459 -261 -33 -66 -36 -18 -95 -86 -103 -345 -185 -400 -314 -349 -78 -131 86 35 -283 48 0
R -261 290 -286 -387 44 127 -368 -251 -190 -231 -106 86 -480 -99 -62 56 -156 -193 -201 -232 0
N -33 -286 1227 -94 -117 -258 -203 -114 5 -232 -330 -132 204 -225 -131 -31 -90 -173 113 86 0
D -66 -387 -94 691 -107 -240 378 -96 55 -22 -172 -174 -274 -31 -135 -246 -186 -281 -1 -81 0
C -36 44 -117 -107 957 71 179 -195 43 225 -20 109 173 134 -30 -27 -142 115 82 73 0
Q -18 127 -258 -240 71 1272 -359 -229 14 -174 -272 -41 -270 -73 -154 -142 -113 -18 -156 -126 0
E -95 -368 -203 378 179 -359 983 -195 -66 181 -23 323 -30 170 108 -318 -311 -162 -145 159 0
G -86 -251 -114 -96 -195 -229 -195 267 -386 -337 -604 -263 -217 -218 -441 -124 -75 -458 -295 -343 0
H -103 -190 5 55 43 14 -66 -386 2228 84 116 289 295 229 -39 -197 -141 301 219 4 0
I -345 -231 -232 -22 225 -174 181 -337 84 1821 -92 442 281 86 147 -65 -139 329 82 205 0
L -185 -106 -330 -172 -20 -272 -23 -604 116 -92 729 -264 62 407 319 -120 -349 313 -63 121 0
K -400 86 -132 -174 109 -41 323 -263 289 442 -264 1814 182 239 -123 -158 -203 38 -176 34 0
M -314 -480 204 -274 173 -270 -30 -217 295 281 62 182 2446 419 -87 -240 -105 348 174 -42 0
F -349 -99 -225 -31 134 -73 170 -218 229 86 407 239 419 1490 32 -322 -352 348 222 131 0
P -78 -62 -131 -135 -30 -154 108 -441 -39 147 319 -123 -87 32 598 -215 -342 367 -167 68 0
S -131 56 -31 -246 -27 -142 -318 -124 -197 -65 -120 -158 -240 -322 -215 142 -196 -227 -201 -300 0
T 86 -156 -90 -186 -142 -113 -311 -75 -141 -139 -349 -203 -105 -352 -342 -196 329 -171 -192 34 0
W 35 -193 -173 -281 115 -18 -162 -458 301 329 313 38 348 348 367 -227 -171 2283 329 -31 0
Y -283 -201 113 -1 82 -156 -145 -295 219 82 -63 -176 174 222 -167 -201 -192 329 1762 -70 0
V 48 -232 86 -81 73 -126 159 -343 4 205 121 34 -42 131 68 -300 34 -31 -70 1051 0
* 0 0 0 0 0 0 0 0 0 0 0 0 0 0 0 0 0 0 0 0 0
