 A R N D C Q E G H I L K M F P S T W Y V *
A 623 -241 108 -61 -58 -199 -69 95 -136 -310 -409 -354 -239 -504 -201 -138 85 -129 -377 85 0
R -241 407 -782 -416 200 -67 -300 -194 13 -81 -88 -17 21 -164 -55 33 -153 -186 -497 -78 0
N 108 -782 1506 -160 -195 -523 -524 -173 -100 -393 -1020 -151 -226 -458 -660 -143 269 -365 472 -270 0
D -61 -416 -160 640 -188 -171 361 -174 -188 -99 -335 -50 -218 50 -241 -384 -113 -237 124 -10 0
C -58 200 -195 -188 1616 28 87 -344 -10 200 -45 124 36 -50 -32 29 -119 31 -135 154 0
Q -199 -67 -523 -171 28 1086 -358 -292 146 -141 -44 34 -283 -114 122 -118 -119 -203 -38 -268 0
E -69 -300 -524 361 87 -358 978 -392 -93 76 -17 96 -149 -24 213 -297 -398 -119 -245 170 0
G 95 -194 -173 -174 -344 -292 -392 543 -428 -556 -797 -426 -276 -458 -626 -101 -38 -209 -519 -340 0
H -136 13 -100 -188 -10 146 -93 -428 2001 130 9 309 184 335 -128 -232 -234 161 327 -20 0
I -310 -81 -393 -99 200 -141 76 -556 130 1540 224 163 233 212 156 -209 -147 137 124 308 0
L -409 -88 -1020 -335 -45 -44 -17 -797 9 224 985 -48 120 776 654 -244 -468 344 -71 104 0
K -354 -17 -151 -50 124 34 96 -426 309 163 -48 1212 114 26 24 -27 -141 19 -134 70 0
M -239 21 -226 -218 36 -283 -149 -276 184 233 120 114 2075 219 41 -192 -167 210 -246 34 0
F -504 -164 -458 50 -50 -114 -24 -458 335 212 776 26 219 1341 328 -238 -436 453 306 96 0
P -201 -55 -660 -241 -32 122 213 -626 -128 156 654 24 41 328 740 -275 -513 35 -214 44 0
S -138 33 -143 -384 29 -118 -297 -101 -232 -209 -244 -27 -192 -238 -275 435 -48 -152 -532 -270 0
T 85 -153 269 -113 -119 -119 -398 -38 -234 -147 -468 -141 -167 -436 -513 -48 498 -288 33 -110 0
W -129 -186 -365 -237 31 -203 -119 -209 161 137 344 19 210 453 35 -152 -288 1683 141 117 0
Y -377 -497 472 124 -135 -38 -245 -519 327 124 -71 -134 -246 306 -214 -532 33 141 1298 -47 0
V 85 -78 -270 -10 154 -268 170 -340 -20 308 104 70 34 96 44 -270 -110 117 -47 768 0
* 0 0 0 0 0 0 0 0 0 0 0 0 0 0 0 0 0 0 0 0 0
