 A R N D C Q E G H I L K M F P S T W Y V *
A 489 -252 95 -1 -54 -121 -66 39 -140 -291 -300 -346 -168 -461 -159 -111 -15 -64 -332 85 0
R -252 304 -530 -387 134 29 -265 -244 49 -150 -101 102 -148 -153 -60 30 -138 -97 -281 -160 0
N 95 -530 1286 -117 -161 -575 -344 -94 -42 -249 -534 -279 75 -323 -431 -32 82 -359 235 -59 0
D -1 -387 -117 522 -192 -217 419 -160 -129 -29 -207 -63 -57 151 -156 -319 -130 -75 -50 -22 0
C -54 134 -161 -192 1194 41 153 -206 -67 215 -70 171 117 22 -172 -15 -51 78 56 65 0
Q -121 29 -575 -217 41 1081 -333 -299 39 -186 -133 -17 -212 -207 94 -161 -19 -201 -306 -243 0
E -66 -265 -344 419 153 -333 863 -360 -105 58 36 209 -115 95 241 -295 -393 -195 -204 130 0
G 39 -244 -94 -160 -206 -299 -360 408 -341 -509 -668 -452 -229 -392 -527 -123 -31 -304 -373 -310 0
H -140 49 -42 -129 -67 39 -105 -341 2122 -47 -76 334 56 220 -204 -160 -108 201 220 23 0
I -291 -150 -249 -29 215 -186 58 -509 -47 1392 133 172 249 74 145 -131 -92 235 201 259 0
L -300 -101 -534 -207 -70 -133 36 -668 -76 133 749 -94 -72 615 479 -184 -317 196 5 71 0
K -346 102 -279 -63 171 -17 209 -452 334 172 -94 1473 231 142 0 -150 -296 -20 -173 211 0
M -168 -148 75 -57 117 -212 -115 -229 56 249 -72 231 2149 114 -130 -222 -32 242 -186 2 0
F -461 -153 -323 151 22 -207 95 -392 220 74 615 142 114 1317 177 -287 -250 303 435 37 0
P -159 -60 -431 -156 -172 94 241 -527 -204 145 479 0 -130 177 628 -211 -420 57 -212 19 0
S -111 30 -32 -319 -15 -161 -295 -123 -160 -131 -184 -150 -222 -287 -211 325 -73 -124 -388 -229 0
T -15 -138 82 -130 -51 -19 -393 -31 -108 -92 -317 -296 -32 -250 -420 -73 373 -234 -88 -124 0
W -64 -97 -359 -75 78 -201 -195 -304 201 235 196 -20 242 303 57 -124 -234 1922 221 25 0
Y -332 -281 235 -50 56 -306 -204 -373 220 201 5 -173 -186 435 -212 -388 -88 221 1291 165 0
V 85 -160 -59 -22 65 -243 130 -310 23 259 71 211 2 37 19 -229 -124 25 165 671 0
* 0 0 0 0 0 0 0 0 0 0 0 0 0 0 0 0 0 0 0 0 0
