 A R N D C Q E G H I L K M F P S T W Y V *
A 425 -240 20 -46 -76 35 -60 -12 -118 -171 -219 -300 -157 -352 -34 -144 -14 -46 -267 49 0
R -240 175 -368 -340 119 94 -266 -253 80 -68 -18 101 -188 -125 2 81 -125 -166 -220 -149 0
N 20 -368 1126 -59 -165 -330 -155 -105 -71 -229 -348 -127 279 -244 -166 -90 -61 -248 44 81 0
D -46 -340 -59 468 -187 -235 365 -71 -154 -28 -239 -113 -28 68 -123 -355 -113 -88 -27 -11 0
C -76 119 -165 -187 1116 86 166 -224 -67 219 -23 159 124 38 -120 -5 -83 82 71 43 0
Q 35 94 -330 -235 86 1082 -360 -217 -20 -248 -208 -44 -247 -249 -97 -124 -62 -150 -332 -135 0
E -60 -266 -155 365 166 -360 752 -272 -143 125 -89 181 -89 60 126 -312 -280 -251 -159 158 0
G -12 -253 -105 -71 -224 -217 -272 296 -219 -430 -555 -311 -221 -198 -403 -129 -63 -306 -227 -276 0
H -118 80 -71 -154 -67 -20 -143 -219 1862 -90 -45 295 54 173 -169 -119 -103 213 153 50 0
I -171 -68 -229 -28 219 -248 125 -430 -90 1215 108 231 188 54 174 -69 -104 296 110 311 0
L -219 -18 -348 -239 -23 -208 -89 -555 -45 108 543 -239 -72 458 268 -169 -231 261 50 66 0
K -300 101 -127 -113 159 -44 181 -311 295 231 -239 1356 258 125 -87 -147 -257 -68 -100 197 0
M -157 -188 279 -28 124 -247 -89 -221 54 188 -72 258 1969 105 -131 -200 3 228 -97 -33 0
F -352 -125 -244 68 38 -249 60 -198 173 54 458 125 105 1176 118 -295 -239 352 348 32 0
P -34 2 -166 -123 -120 -97 126 -403 -169 174 268 -87 -131 118 522 -231 -360 92 -152 -38 0
S -144 81 -90 -355 -5 -124 -312 -129 -119 -69 -169 -147 -200 -295 -231 287 -68 -139 -322 -261 0
T -14 -125 -61 -113 -83 -62 -280 -63 -103 -104 -231 -257 3 -239 -360 -68 290 -172 -143 -148 0
W -46 -166 -248 -88 82 -150 -251 -306 213 296 261 -68 228 352 92 -139 -172 1718 318 -34 0
Y -267 -220 44 -27 71 -332 -159 -227 153 110 50 -100 -97 348 -152 -322 -143 318 1203 192 0
V 49 -149 81 -11 43 -135 158 -276 50 311 66 197 -33 32 -38 -261 -148 -34 192 576 0
* 0 0 0 0 0 0 0 0 0 0 0 0 0 0 0 0 0 0 0 0 0
