 A R N D C Q E G H I L K M F P S T W Y V *
A 517 -276 -18 -65 -18 -149 -119 -33 -163 -428 -278 -440 -286 -449 -194 -127 41 0 -363 85 0
R -276 443 -538 -473 59 69 -393 -252 -207 -235 -176 101 -454 -129 -104 -3 -186 -155 -290 -243 0
N -18 -538 1288 -184 -129 -460 -478 -71 57 -303 -659 -134 110 -273 -393 9 89 -269 266 -65 0
D -65 -473 -184 743 -124 -248 412 -149 -53 -48 -221 -157 -357 49 -228 -212 -194 -327 -26 -136 0
C -18 59 -129 -124 1021 43 177 -178 46 210 -40 104 155 139 -68 -41 -133 116 85 85 0
Q -149 69 -460 -248 43 1221 -374 -355 140 -212 -188 -43 -285 -101 -58 -158 -88 -63 -130 -258 0
E -119 -393 -478 412 177 -374 1062 -248 -93 83 60 344 -8 142 181 -365 -317 -116 -208 84 0
G -33 -252 -71 -149 -178 -355 -248 380 -427 -418 -742 -429 -258 -377 -530 -127 -57 -500 -441 -378 0
H -163 -207 57 -53 46 140 -93 -427 2638 142 38 332 390 306 -189 -225 -111 370 308 -61 0
I -428 -235 -303 -48 210 -212 83 -418 142 2025 -41 374 287 145 97 -164 -133 340 104 135 0
L -278 -176 -659 -221 -40 -188 60 -742 38 -41 866 -178 17 539 505 -136 -454 251 -111 89 0
K -440 101 -134 -157 104 -43 344 -429 332 374 -178 2093 180 306 -70 -222 -205 82 -161 3 0
M -286 -454 110 -357 155 -285 -8 -258 390 287 17 180 2624 399 -94 -244 -150 399 93 -2 0
F -449 -129 -273 49 139 -101 142 -377 306 145 539 306 399 1661 67 -356 -322 324 181 82 0
P -194 -104 -393 -228 -68 -58 181 -530 -189 97 505 -70 -94 67 685 -226 -382 322 -232 100 0
S -127 -3 9 -212 -41 -158 -365 -127 -225 -164 -136 -222 -244 -356 -226 198 -191 -206 -245 -232 0
T 41 -186 89 -194 -133 -88 -317 -57 -111 -133 -454 -205 -150 -322 -382 -191 410 -252 -99 64 0
W 0 -155 -269 -327 116 -63 -116 -500 370 340 251 82 399 324 322 -206 -252 2567 321 56 0
Y -363 -290 266 -26 85 -130 -208 -441 308 104 -111 -161 93 181 -232 -245 -99 321 1781 -131 0
V 85 -243 -65 -136 85 -258 84 -378 -61 135 89 3 -2 82 100 -232 64 56 -131 1103 0
* 0 0 0 0 0 0 0 0 0 0 0 0 0 0 0 0 0 0 0 0 0
