 A R N D C Q E G H I L K M F P S T W Y V *
A 103 -117 -64 -117 -36 -21 -33 -30 -108 -96 -192 -202 -158 -273 -82 -5 -30 -73 -346 -29 0
R -117 16 -331 -300 79 74 -81 -141 100 -67 -1 -4 -187 -20 -81 -53 -45 -120 -128 -54 0
N -64 -331 902 122 33 -316 -66 -170 -36 22 -122 -2 290 -104 13 41 -203 -36 67 142 0
D -117 -300 122 317 -120 -251 263 8 -147 -130 -252 -104 20 -32 -42 -103 -131 -132 -79 -83 0
C -36 79 33 -120 837 11 122 -41 -112 77 -181 140 85 -35 -167 -16 10 74 1 18 0
Q -21 74 -316 -251 11 742 -150 -84 9 -234 -175 -43 -214 -38 -31 -257 -114 -5 -225 -70 0
E -33 -81 -66 263 122 -150 444 -121 -156 6 -246 203 -76 12 40 -151 -176 -331 -238 5 0
G -30 -141 -170 8 -41 -84 -121 232 -127 -209 -402 -227 -141 -249 -255 -146 -111 -258 -135 -211 0
H -108 100 -36 -147 -112 9 -156 -127 1414 -2 -174 75 67 220 -27 -98 -62 305 226 6 0
I -96 -67 22 -130 77 -234 6 -209 -2 740 -76 65 105 15 128 -51 61 190 34 197 0
L -192 -1 -122 -252 -181 -175 -246 -402 -174 -76 267 -285 -31 398 121 7 -121 182 -44 -48 0
K -202 -4 -2 -104 140 -43 203 -227 75 65 -285 999 270 188 -108 -153 -96 22 68 134 0
M -158 -187 290 20 85 -214 -76 -141 67 105 -31 270 1671 289 -56 -231 -60 293 12 7 0
F -273 -20 -104 -32 -35 -38 12 -249 220 15 398 188 289 885 115 -118 -218 305 272 -5 0
P -82 -81 13 -42 -167 -31 40 -255 -27 128 121 -108 -56 115 258 -169 -196 162 -28 -44 0
S -5 -53 41 -103 -16 -257 -151 -146 -98 -51 7 -153 -231 -118 -169 2 -113 -14 -96 -38 0
T -30 -45 -203 -131 10 -114 -176 -111 -62 61 -121 -96 -60 -218 -196 -113 142 -74 -226 -107 0
W -73 -120 -36 -132 74 -5 -331 -258 305 190 182 22 293 305 162 -14 -74 1265 258 -88 0
Y -346 -128 67 -79 1 -225 -238 -135 226 34 -44 68 12 272 -28 -96 -226 258 754 70 0
V -29 -54 142 -83 18 -70 5 -211 6 197 -48 134 7 -5 -44 -38 -107 -88 70 284 0
* 0 0 0 0 0 0 0 0 0 0 0 0 0 0 0 0 0 0 0 0 0
