 A R N D C Q E G H I L K M F P S T W Y V *
A 242 -173 -63 -210 15 -228 -111 58 -84 -322 -361 -359 -254 -438 -225 -45 77 -75 -447 -75 0
R -173 307 -706 -424 43 -26 -176 -94 -40 -216 -107 -128 -161 -30 -78 -53 -208 -105 -324 -65 0
N -63 -706 1364 98 49 -565 -408 -230 15 -250 -914 -78 -121 -400 -518 -70 175 -101 492 -252 0
D -210 -424 98 594 -11 -182 185 -132 -198 -124 -328 -114 -350 -174 -296 -91 -200 -513 79 -217 0
C 15 43 49 -11 674 -4 132 -14 19 42 -162 74 79 36 -124 -17 -7 102 51 52 0
Q -228 -26 -565 -182 -4 1229 -158 -311 179 -211 26 -2 -331 10 182 -301 -277 -44 31 -226 0
E -111 -176 -408 185 132 -158 773 -139 -184 14 -208 314 -22 31 21 -139 -170 -214 -339 -50 0
G 58 -94 -230 -132 -14 -311 -139 403 -426 -235 -678 -360 -164 -430 -545 -135 -73 -387 -598 -339 0
H -84 -40 15 -198 19 179 -184 -426 2251 149 -43 149 334 263 -142 -214 -105 359 402 -111 0
I -322 -216 -250 -124 42 -211 14 -235 149 1567 -161 220 211 105 0 -239 8 165 -11 67 0
L -361 -107 -914 -328 -162 26 -208 -678 -43 -161 852 -133 151 595 521 -99 -398 51 -152 61 0
K -359 -128 -78 -114 74 -2 314 -360 149 220 -133 1830 212 250 12 -234 -38 120 5 -31 0
M -254 -161 -121 -350 79 -331 -22 -164 334 211 151 212 2249 459 -31 -225 -241 436 -131 -17 0
F -438 -30 -400 -174 36 10 31 -430 263 105 595 250 459 1329 146 -183 -298 266 85 27 0
P -225 -78 -518 -296 -124 182 21 -545 -142 0 521 12 -31 146 437 -186 -370 219 -152 0 0
S -45 -53 -70 -91 -17 -301 -139 -135 -214 -239 -99 -234 -225 -183 -186 20 -211 -89 -292 -128 0
T 77 -208 175 -200 -7 -277 -170 -73 -105 8 -398 -38 -241 -298 -370 -211 548 -276 45 84 0
W -75 -105 -101 -513 102 -44 -214 -387 359 165 51 120 436 266 219 -89 -276 2217 126 -11 0
Y -447 -324 492 79 51 31 -339 -598 402 -11 -152 5 -131 85 -152 -292 45 126 1424 -314 0
V -75 -65 -252 -217 52 -226 -50 -339 -111 67 61 -31 -17 27 0 -128 84 -11 -314 694 0
* 0 0 0 0 0 0 0 0 0 0 0 0 0 0 0 0 0 0 0 0 0
