 A R N D C Q E G H I L K M F P S T W Y V *
A 222 -118 46 -68 -50 -164 -39 27 -159 -200 -295 -238 -164 -354 -197 17 0 -131 -419 -6 0
R -118 189 -447 -309 109 20 -86 -117 136 -126 -87 -15 -36 -68 -129 -118 -48 21 -183 -58 0
N 46 -447 1134 -53 70 -459 -323 -161 -72 32 -327 -131 85 -99 -273 94 -9 -203 243 -18 0
D -68 -309 -53 427 -117 -214 336 -104 -122 -36 -240 94 -16 43 -72 -83 -114 -151 -77 -54 0
C -50 109 70 -117 1279 6 114 -105 -27 56 -171 125 -13 -96 -129 -34 -31 -55 -74 119 0
Q -164 20 -459 -214 6 746 -162 -173 102 -161 -34 -26 -219 53 118 -159 -92 -75 -90 -170 0
E -39 -86 -323 336 114 -162 593 -219 -136 -40 -94 209 -126 -6 157 -95 -289 -158 -262 19 0
G 27 -117 -161 -104 -105 -173 -219 376 -220 -299 -521 -338 -193 -444 -368 -122 -107 -227 -261 -257 0
H -159 136 -72 -122 -27 102 -136 -220 1297 196 -159 154 124 263 -36 -125 -10 167 381 -62 0
I -200 -126 32 -36 56 -161 -40 -299 196 951 65 23 146 74 126 -149 39 80 198 196 0
L -295 -87 -327 -240 -171 -34 -94 -521 -159 65 541 -36 99 563 349 -29 -153 220 -88 -22 0
K -238 -15 -131 94 125 -26 209 -338 154 23 -36 927 157 70 65 -77 -100 99 52 54 0
M -164 -36 85 -16 -13 -219 -126 -193 124 146 99 157 1521 354 17 -191 -69 325 41 19 0
F -354 -68 -99 43 -96 53 -6 -444 263 74 563 70 354 1003 198 -32 -137 334 406 62 0
P -197 -129 -273 -72 -129 118 157 -368 -36 126 349 65 17 198 405 -139 -234 91 -61 64 0
S 17 -118 94 -83 -34 -159 -95 -122 -125 -149 -29 -77 -191 -32 -139 67 -16 -26 -173 -2 0
T 0 -48 -9 -114 -31 -92 -289 -107 -10 39 -153 -100 -69 -137 -234 -16 306 -113 -194 -21 0
W -131 21 -203 -151 -55 -75 -158 -227 167 80 220 99 325 334 91 -26 -113 1210 182 66 0
Y -419 -183 243 -77 -74 -90 -262 -261 381 198 -88 52 41 406 -61 -173 -194 182 869 63 0
V -6 -58 -18 -54 119 -170 19 -257 -62 196 -22 54 19 62 64 -2 -21 66 63 449 0
* 0 0 0 0 0 0 0 0 0 0 0 0 0 0 0 0 0 0 0 0 0
