 A R N D C Q E G H I L K M F P S T W Y V *
A 302 -117 25 -149 -38 -197 -46 101 -136 -223 -390 -259 -201 -441 -256 -4 25 -95 -438 -12 0
R -117 241 -729 -354 99 -66 -115 -67 79 -105 -63 -65 15 -108 -119 -73 -82 -41 -427 0 0
N 25 -729 1324 16 -29 -459 -450 -224 -29 -179 -797 -70 -204 -329 -487 -46 156 -183 478 -213 0
D -149 -354 16 463 -107 -154 269 -93 -195 -136 -354 24 -143 -67 -165 -141 -105 -305 59 -77 0
C -38 99 -29 -107 1354 3 94 -106 -48 35 -196 113 -10 -110 -133 -23 -29 -55 -161 96 0
Q -197 -66 -459 -154 3 856 -192 -240 150 -138 46 9 -314 64 193 -183 -195 -89 45 -223 0
E -46 -115 -450 269 94 -192 677 -251 -134 -7 -169 153 -109 -65 131 -111 -309 -155 -317 43 0
G 101 -67 -224 -93 -106 -240 -251 470 -320 -357 -642 -392 -221 -477 -466 -123 -104 -194 -442 -251 0
H -136 79 -29 -195 -48 150 -134 -320 1507 177 -116 122 158 276 -38 -201 -143 167 344 -120 0
I -223 -105 -179 -136 35 -138 -7 -357 177 1113 50 43 173 107 127 -178 -3 28 69 185 0
L -390 -63 -797 -354 -196 46 -169 -642 -116 50 736 -58 165 701 492 -71 -338 214 -149 -29 0
K -259 -65 -70 24 113 9 153 -392 122 43 -58 937 127 64 42 -30 -27 56 23 32 0
M -201 15 -204 -143 -10 -314 -109 -221 158 173 165 127 1646 357 83 -217 -165 291 -171 68 0
F -441 -108 -329 -67 -110 64 -65 -477 276 107 701 64 357 1055 296 -74 -330 338 235 58 0
P -256 -119 -487 -165 -133 193 131 -466 -38 127 492 42 83 296 461 -192 -338 113 -85 37 0
S -4 -73 -46 -141 -23 -183 -111 -123 -201 -178 -71 -30 -217 -74 -192 136 -32 -31 -321 -37 0
T 25 -82 156 -105 -29 -195 -309 -104 -143 -3 -338 -27 -165 -330 -338 -32 401 -203 -90 -16 0
W -95 -41 -183 -305 -55 -89 -155 -194 167 28 214 56 291 338 113 -31 -203 1253 15 28 0
Y -438 -427 478 59 -161 45 -317 -442 344 69 -149 23 -171 235 -85 -321 -90 15 923 -158 0
V -12 0 -213 -77 96 -223 43 -251 -120 185 -29 32 68 58 37 -37 -16 28 -158 482 0
* 0 0 0 0 0 0 0 0 0 0 0 0 0 0 0 0 0 0 0 0 0
