 A R N D C Q E G H I L K M F P S T W Y V *
A 543 -242 129 19 -69 -166 -63 21 -159 -288 -314 -333 -201 -417 -141 -116 58 -164 -359 92 0
R -242 355 -500 -371 210 18 -271 -243 69 -102 -112 32 -30 -123 -64 -10 -119 -123 -253 -136 0
N 129 -500 1317 -230 -94 -523 -397 -110 -143 -181 -549 -212 63 -227 -445 -2 103 -385 237 -75 0
D 19 -371 -230 605 -199 -231 428 -184 -114 0 -221 19 -91 161 -148 -326 -121 -83 -11 12 0
C -69 210 -94 -199 1541 30 107 -343 11 221 -20 136 34 -36 -27 17 -121 30 -48 176 0
Q -166 18 -523 -231 30 976 -328 -224 98 -164 -125 -2 -188 -125 47 -94 -16 -188 -174 -215 0
E -63 -271 -397 428 107 -328 894 -360 -94 43 56 152 -167 34 239 -281 -378 -122 -190 146 0
G 21 -243 -110 -184 -343 -224 -360 449 -328 -498 -676 -372 -249 -425 -528 -100 -41 -242 -338 -345 0
H -159 69 -143 -114 11 98 -94 -328 1791 148 -32 341 150 321 -126 -156 -101 161 364 37 0
I -288 -102 -181 0 221 -164 43 -498 148 1378 240 143 205 180 155 -179 -104 189 253 319 0
L -314 -112 -549 -221 -20 -125 56 -676 -32 240 790 -26 54 637 510 -202 -283 350 -11 111 0
K -333 32 -212 19 136 -2 152 -372 341 143 -26 1202 144 33 47 -74 -215 62 -105 92 0
M -201 -30 63 -91 34 -188 -167 -249 150 205 54 144 1951 216 -24 -166 -70 243 -33 -14 0
F -417 -123 -227 161 -36 -125 34 -425 321 180 637 33 216 1289 230 -195 -243 450 477 100 0
P -141 -64 -445 -148 -27 47 239 -528 -126 155 510 47 -24 230 684 -222 -410 13 -190 72 0
S -116 -10 -2 -326 17 -94 -281 -100 -156 -179 -202 -74 -166 -195 -222 366 -32 -146 -383 -235 0
T 58 -119 103 -121 -121 -16 -378 -41 -101 -104 -283 -215 -70 -243 -410 -32 403 -198 -70 -115 0
W -164 -123 -385 -83 30 -188 -122 -242 161 189 350 62 243 450 13 -146 -198 1640 308 154 0
Y -359 -253 237 -11 -48 -174 -190 -338 364 253 -11 -105 -33 477 -190 -383 -70 308 1245 174 0
V 92 -136 -75 12 176 -215 146 -345 37 319 111 92 -14 100 72 -235 -115 154 174 735 0
* 0 0 0 0 0 0 0 0 0 0 0 0 0 0 0 0 0 0 0 0 0
