 A R N D C Q E G H I L K M F P S T W Y V *
A 1125 -1826 1066 -73 -2326 -490 325 -68 -682 -909 123 -613 -1174 -795 -73 1074 287 -568 -1022 583 0
R -1826 988 -2028 -1182 1122 -84 -2461 -2050 253 -755 218 -1904 -1004 157 -2052 -1601 -425 -836 386 246 0
N 1066 -2028 1982 685 -1270 -375 142 393 -450 -1265 -66 -1530 -1981 -1356 -487 474 234 -1447 -1432 335 0
D -73 -1182 685 316 -601 131 161 335 85 128 -31 -114 -443 -104 153 -622 45 -45 -362 -44 0
C -2326 1122 -1270 -601 1595 -261 -583 -2207 469 -1495 -88 0 -1925 345 205 -1854 -447 -661 135 192 0
Q -490 -84 -375 131 -261 1414 877 -457 207 1528 798 738 645 1175 443 -1555 1175 766 301 526 0
E 325 -2461 142 161 -583 877 1505 16 90 1080 796 855 465 730 515 -198 659 929 57 623 0
G -68 -2050 393 335 -2207 -457 16 1316 -255 -856 -791 -520 -279 -1061 -451 106 -16 -410 -843 -1921 0
H -682 253 -450 85 469 207 90 -255 911 426 328 219 658 650 -201 -475 -495 650 765 178 0
I -909 -755 -1265 128 -1495 1528 1080 -856 426 2016 1251 1450 1389 1660 953 -1440 696 1424 352 895 0
L 123 218 -66 -31 -88 798 796 -791 328 1251 1216 943 249 1154 518 -546 399 903 651 1204 0
K -613 -1904 -1530 -114 0 738 855 -520 219 1450 943 1503 851 916 913 -947 381 1280 442 770 0
M -1174 -1004 -1981 -443 -1925 645 465 -279 658 1389 249 851 1998 903 439 -980 97 1155 26 50 0
F -795 157 -1356 -104 345 1175 730 -1061 650 1660 1154 916 903 1751 562 -1274 309 1236 877 737 0
P -73 -2052 -487 153 205 443 515 -451 -201 953 518 913 439 562 1030 -585 463 825 -118 600 0
S 1074 -1601 474 -622 -1854 -1555 -198 106 -475 -1440 -546 -947 -980 -1274 -585 1337 -294 -574 -986 -105 0
T 287 -425 234 45 -447 1175 659 -16 -495 696 399 381 97 309 463 -294 1159 49 -464 521 0
W -568 -836 -1447 -45 -661 766 929 -410 650 1424 903 1280 1155 1236 825 -574 49 1384 731 773 0
Y -1022 386 -1432 -362 135 301 57 -843 765 352 651 442 26 877 -118 -986 -464 731 1713 509 0
V 583 246 335 -44 192 526 623 -1921 178 895 1204 770 50 737 600 -105 521 773 509 927 0
* 0 0 0 0 0 0 0 0 0 0 0 0 0 0 0 0 0 0 0 0 0
