 A R N D C Q E G H I L K M F P S T W Y V *
A 1393 -385 -389 -765 0 -22 -129 -455 0 425 722 0 181 0 -194 -125 40 448 442 402 0
R -385 1819 -343 -338 0 0 -396 948 0 486 524 0 219 0 0 -750 -13 486 486 219 0
N -389 -343 85 217 0 267 -60 -70 0 -352 -370 0 -61 0 296 109 -41 -381 -400 -91 0
D -765 -338 217 983 0 357 -456 155 0 -736 -723 0 -130 0 409 -479 -19 -742 -768 -166 0
C 0 0 0 0 0 0 0 0 0 0 0 0 0 0 0 0 0 0 0 0 0
Q -22 0 267 357 0 1044 410 -861 0 -22 0 880 -280 0 913 373 92 0 -6 120 0
E -129 -396 -60 -456 0 410 1455 -152 0 -69 114 388 -44 0 -50 -1665 -121 -51 -117 500 0
G -455 948 -70 155 0 -861 -152 189 -517 -333 -325 -610 104 -517 -636 -806 -1109 181 -344 -1614 0
H 0 0 0 0 0 0 0 -517 157 387 387 0 0 407 0 383 407 0 407 0 0
I 425 486 -352 -736 0 -22 -69 -333 387 1661 834 0 210 387 29 211 329 448 810 174 0
L 722 524 -370 -723 0 0 114 -325 387 834 1264 0 200 387 -510 207 422 486 807 683 0
K 0 0 0 0 0 880 388 -610 0 0 0 1344 0 0 373 208 96 0 0 387 0
M 181 219 -61 -130 0 -280 -44 104 0 210 200 0 -556 0 -251 -8 -25 181 162 75 0
F 0 0 0 0 0 0 0 -517 407 387 387 0 0 261 0 383 407 0 407 0 0
P -194 0 296 409 0 913 -50 -636 0 29 -510 373 -251 0 -161 402 106 0 -18 -685 0
S -125 -750 109 -479 0 373 -1665 -806 383 211 207 208 -8 383 402 -104 518 -174 200 -532 0
T 40 -13 -41 -19 0 92 -121 -1109 407 329 422 96 -25 407 106 518 923 -51 366 51 0
W 448 486 -381 -742 0 0 -51 181 0 448 486 0 181 0 0 -174 -51 948 448 181 0
Y 442 486 -400 -768 0 -6 -117 -344 407 810 807 0 162 407 -18 200 366 448 1597 191 0
V 402 219 -91 -166 0 120 500 -1614 0 174 683 387 75 0 -685 -532 51 181 191 632 0
* 0 0 0 0 0 0 0 0 0 0 0 0 0 0 0 0 0 0 0 0 0
