 A R N D C Q E G H I L K M F P S T W Y V *
A 1090 -872 -296 226 0 226 68 -315 0 -158 -71 0 0 0 -194 -201 173 0 243 393 0
R -872 1446 196 602 235 0 -648 702 255 0 -22 0 0 67 235 -592 170 0 255 0 0
N -296 196 -14 388 329 0 -603 192 349 58 -536 0 58 -234 388 -672 280 0 312 0 0
D 226 602 388 1548 368 226 -462 597 388 -99 -602 0 58 -196 427 -1505 546 0 594 166 0
C 0 235 329 368 618 0 0 107 388 0 -564 0 0 -196 368 -693 303 0 388 0 0
Q 226 0 0 226 0 1062 424 -435 0 -158 0 880 0 0 388 -33 354 0 243 573 0
E 68 -648 -603 -462 0 424 2063 -476 0 53 422 388 -37 296 170 -1412 -487 0 -133 174 0
G -315 702 192 597 107 -435 -476 224 -390 -540 -1204 -610 58 -1215 -476 -1798 -793 0 -271 -1593 0
H 0 255 349 388 388 0 0 -390 316 387 -157 0 0 231 388 -289 731 0 816 0 0
I -158 0 58 -99 0 -158 53 -540 387 309 436 0 58 494 150 480 244 0 207 -78 0
L -71 -22 -536 -602 -564 0 422 -1204 -157 436 2345 0 -37 890 -851 783 -39 0 -291 128 0
K 0 0 0 0 0 880 388 -610 0 0 0 1344 0 0 373 208 96 0 0 387 0
M 0 0 58 58 0 0 -37 58 0 58 -37 0 -941 0 58 58 0 0 -37 0 0
F 0 67 -234 -196 -196 0 296 -1215 231 494 890 0 0 656 46 848 147 0 231 -335 0
P -194 235 388 427 368 388 170 -476 388 150 -851 373 58 46 437 -278 423 0 351 -756 0
S -201 -592 -672 -1505 -693 -33 -1412 -1798 -289 480 783 208 58 848 -278 412 -475 0 -567 -627 0
T 173 170 280 546 303 354 -487 -793 731 244 -39 96 0 147 423 -475 693 0 991 250 0
W 0 0 0 0 0 0 0 0 0 0 0 0 0 0 0 0 0 0 0 0 0
Y 243 255 312 594 388 243 -133 -271 816 207 -291 0 -37 231 351 -567 991 0 1659 182 0
V 393 0 0 166 0 573 174 -1593 0 -78 128 387 0 -335 -756 -627 250 0 182 830 0
* 0 0 0 0 0 0 0 0 0 0 0 0 0 0 0 0 0 0 0 0 0
