 A R N D C Q E G H I L K M F P S T W Y V *
A 1323 -757 -296 -952 0 -21 159 -345 0 -770 -417 -611 0 0 -114 -27 39 -757 388 654 0
R -757 1277 196 660 235 127 -762 442 480 374 258 0 0 138 -167 -1218 310 374 255 -383 0
N -296 196 374 710 329 0 -350 347 349 58 -536 0 58 -234 686 -1132 331 0 312 0 0
D -952 660 710 2069 368 -194 -696 668 -61 102 -602 0 58 -196 487 -1743 1038 624 59 -255 0
C 0 235 329 368 618 0 0 107 388 0 -564 0 0 -196 368 -693 303 0 388 0 0
Q -21 127 0 -194 0 1446 -336 -1414 301 -12 905 645 0 147 -256 -272 -522 0 388 605 0
E 159 -762 -350 -696 0 -336 1980 -56 0 -524 -377 443 -37 57 236 -1364 -615 -338 -133 181 0
G -345 442 347 668 107 -1414 -56 244 -352 -456 -1553 -745 58 -1399 0 -1637 222 121 -41 -1631 0
H 0 480 349 -61 388 301 0 -352 537 -200 -83 0 0 121 388 -876 144 0 228 -209 0
I -770 374 58 102 0 -12 -524 -456 -200 1513 -44 0 58 575 -344 465 169 624 409 66 0
L -417 258 -536 -602 -564 905 -377 -1553 -83 -44 2459 330 -37 989 -1769 -88 -2076 0 -1047 -412 0
K -611 0 0 0 0 645 443 -745 0 0 330 1425 0 0 227 108 -256 0 0 513 0
M 0 0 58 58 0 0 -37 58 0 58 -37 0 -941 0 58 58 0 0 -37 0 0
F 0 138 -234 -196 -196 147 57 -1399 121 575 989 0 0 736 -295 870 -544 0 37 -551 0
P -114 -167 686 487 368 -256 236 0 388 -344 -1769 227 58 -295 177 -482 334 -153 351 -994 0
S -27 -1218 -1132 -1743 -693 -272 -1364 -1637 -876 465 -88 108 58 870 -482 683 -907 -288 -413 -432 0
T 39 310 331 1038 303 -522 -615 222 144 169 -2076 -256 0 -544 334 -907 941 389 793 123 0
W -757 374 0 624 0 0 -338 121 0 624 0 0 0 0 -153 -288 389 874 0 0 0
Y 388 255 312 59 388 388 -133 -41 228 409 -1047 0 -37 37 351 -413 793 0 1781 328 0
V 654 -383 0 -255 0 605 181 -1631 -209 66 -412 513 0 -551 -994 -432 123 0 328 1213 0
* 0 0 0 0 0 0 0 0 0 0 0 0 0 0 0 0 0 0 0 0 0
