 A R N D C Q E G H I L K M F P S T W Y V *
A -40 35 33 80 -6 -2 89 109 -113 67 28 -250 55 -54 58 -81 -118 -75 -234 -49 0
R 35 -349 63 -13 188 167 56 -9 29 -14 -5 98 -43 0 36 -22 17 -76 -151 102 0
N 33 63 -1 -20 124 27 -226 89 -145 -191 -5 -303 0 -57 -74 -60 -102 -8 -186 -22 0
D 80 -13 -20 -22 -177 -13 225 175 -88 -6 -265 60 10 -142 15 -38 -40 -217 -47 24 0
C -6 188 124 -177 1448 133 190 -172 -14 188 -245 263 -33 -130 -72 -37 -40 -163 -165 179 0
Q -2 167 27 -13 133 502 -252 79 28 -18 -254 30 -93 98 -26 31 -14 50 20 126 0
E 89 56 -226 225 190 -252 183 -102 -364 103 -242 202 -40 -286 12 -34 -142 -385 -482 169 0
G 109 -9 89 175 -172 79 -102 100 -21 12 -238 -194 127 -43 -25 -28 76 109 146 -57 0
H -113 29 -145 -88 -14 28 -364 -21 231 -17 -34 32 -43 199 17 -105 57 85 307 -58 0
I 67 -14 -191 -6 188 -18 103 12 -17 -9 -56 36 41 -109 45 -103 54 35 49 50 0
L 28 -5 -5 -265 -245 -254 -242 -238 -34 -56 -73 -235 -1 292 24 134 -167 112 -112 -185 0
K -250 98 -303 60 263 30 202 -194 32 36 -235 116 107 74 -32 81 152 -75 -130 209 0
M 55 -43 0 10 -33 -93 -40 127 -43 41 -1 107 571 143 -34 -162 93 235 -80 -166 0
F -54 0 -57 -142 -130 98 -286 -43 199 -109 292 74 143 196 -56 136 47 174 195 -77 0
P 58 36 -74 15 -72 -26 12 -25 17 45 24 -32 -34 -56 -308 42 -20 15 -17 -18 0
S -81 -22 -60 -38 -37 31 -34 -28 -105 -103 134 81 -162 136 42 -250 -37 44 12 21 0
T -118 17 -102 -40 -40 -14 -142 76 57 54 -167 152 93 47 -20 -37 88 -91 -139 -38 0
W -75 -76 -8 -217 -163 50 -385 109 85 35 112 -75 235 174 15 44 -91 325 281 -116 0
Y -234 -151 -186 -47 -165 20 -482 146 307 49 -112 -130 -80 195 -17 12 -139 281 50 -71 0
V -49 102 -22 24 179 126 169 -57 -58 50 -185 209 -166 -77 -18 21 -38 -116 -71 -3 0
* 0 0 0 0 0 0 0 0 0 0 0 0 0 0 0 0 0 0 0 0 0
