 A R N D C Q E G H I L K M F P S T W Y V *
A 602 -213 199 256 -45 -7 42 96 -113 -107 -9 -440 -18 -180 169 -350 0 -141 -113 147 0
R -213 -16 -43 -137 391 163 -312 -262 -103 33 -55 194 -31 -110 165 192 -123 -366 -291 -54 0
N 199 -43 363 -374 -206 -100 -373 191 -285 -617 -449 -465 -44 -313 -420 -254 123 -373 -199 -137 0
D 256 -137 -374 332 -340 -46 410 14 -73 68 -227 -89 -140 92 -135 -524 -55 -82 82 157 0
C -45 391 -206 -340 1972 182 176 -650 63 519 57 285 61 -8 130 67 -220 8 -113 294 0
Q -7 163 -100 -46 182 963 -584 -24 20 -24 -436 79 -30 -259 -169 161 136 -176 -146 36 0
E 42 -312 -373 410 176 -584 785 -383 -280 272 60 90 -120 -204 177 -406 -320 -311 -338 423 0
G 96 -262 191 14 -650 -24 -383 245 -236 -384 -547 -261 16 -6 -345 14 208 79 -7 -234 0
H -113 -103 -285 -73 63 20 -280 -236 1219 -113 218 406 7 316 -162 -167 -125 72 272 140 0
I -107 33 -617 68 519 -24 272 -384 -113 844 291 276 160 100 103 -165 -233 254 158 296 0
L -9 -55 -449 -227 57 -436 60 -547 218 291 424 -216 -90 441 346 -211 -428 372 41 81 0
K -440 194 -465 -89 285 79 90 -261 406 276 -216 664 80 0 -68 86 -76 -149 -445 286 0
M -18 -31 -44 -140 61 -30 -120 16 7 160 -90 80 1430 -132 -118 -111 90 72 -230 -233 0
F -180 -110 -313 92 -8 -259 -204 -6 316 100 441 0 -132 769 6 -189 -165 405 337 -1 0
P 169 165 -420 -135 130 -169 177 -345 -162 103 346 -68 -118 6 248 -124 -371 -141 -275 -3 0
S -350 192 -254 -524 67 161 -406 14 -167 -165 -211 86 -111 -189 -124 347 -70 -196 -409 -445 0
T 0 -123 123 -55 -220 136 -320 208 -125 -233 -428 -76 90 -165 -371 -70 283 -260 108 -226 0
W -141 -366 -373 -82 8 -176 -311 79 72 254 372 -149 72 405 -141 -196 -260 1185 532 60 0
Y -113 -291 -199 82 -113 -146 -338 -7 272 158 41 -445 -230 337 -275 -409 108 532 801 150 0
V 147 -54 -137 157 294 36 423 -234 140 296 81 286 -233 -1 -3 -445 -226 60 150 569 0
* 0 0 0 0 0 0 0 0 0 0 0 0 0 0 0 0 0 0 0 0 0
