 A R N D C Q E G H I L K M F P S T W Y V *
A -185 387 112 -33 33 119 -811 -153 -220 -35 -204 12 124 -110 277 308 273 -4 -316 259 0
R 387 685 -98 -240 86 124 -464 -296 91 112 162 62 80 -34 261 357 259 -20 -241 63 0
N 112 -98 -298 194 -2 101 -91 -86 -137 -96 -135 -98 -35 -20 169 -229 1 -4 -14 196 0
D -33 -240 194 -89 0 -75 -50 99 135 -16 -31 -141 -236 22 75 -274 -118 -7 202 29 0
C 33 86 -2 0 315 105 -41 -168 93 108 60 58 93 0 -24 96 -8 0 0 0 0
Q 119 124 101 -75 105 662 11 -355 57 202 231 64 142 134 -31 122 23 -20 -49 98 0
E -811 -464 -91 -50 -41 11 214 54 -74 33 -222 -10 -354 128 -592 -599 -685 -13 -13 -464 0
G -153 -296 -86 99 -168 -355 54 -93 -23 -183 -148 35 -166 -175 -100 -98 -69 -7 300 -68 0
H -220 91 -137 135 93 57 -74 -23 455 37 164 63 84 -13 -23 -46 -294 0 295 -5 0
I -35 112 -96 -16 108 202 33 -183 37 571 154 49 247 142 -172 56 93 -17 -84 29 0
L -204 162 -135 -31 60 231 -222 -148 164 154 549 33 311 256 -16 20 -185 -7 -12 -34 0
K 12 62 -98 -141 58 64 -10 35 63 49 33 -132 54 -13 -26 93 57 -4 -5 -115 0
M 124 80 -35 -236 93 142 -354 -166 84 247 311 54 307 131 62 195 177 -2 -6 130 0
F -110 -34 -20 22 0 134 128 -175 -13 142 256 -13 131 1002 -152 -102 -31 -17 -13 -25 0
P 277 261 169 75 -24 -31 -592 -100 -23 -172 -16 -26 62 -152 -233 213 166 -13 -23 218 0
S 308 357 -229 -274 96 122 -599 -98 -46 56 20 93 195 -102 213 -187 211 -7 -451 -107 0
T 273 259 1 -118 -8 23 -685 -69 -294 93 -185 57 177 -31 166 211 387 -13 -251 251 0
W -4 -20 -4 -7 0 -20 -13 -7 0 -17 -7 -4 -2 -17 -13 -7 -13 306 -11 -17 0
Y -316 -241 -14 202 0 -49 -13 300 295 -84 -12 -5 -6 -13 -23 -451 -251 -11 557 96 0
V 259 63 196 29 0 98 -464 -68 -5 29 -34 -115 130 -25 218 -107 251 -17 96 713 0
* 0 0 0 0 0 0 0 0 0 0 0 0 0 0 0 0 0 0 0 0 0
