 A R N D C Q E G H I L K M F P S T W Y V *
A 281 189 -6 -47 -8 179 -354 -137 -611 -241 -81 -89 128 -423 348 65 284 -569 -514 421 0
R 189 407 -681 -1044 148 164 -791 -212 33 511 221 254 261 -223 -31 185 106 17 -394 123 0
N -6 -681 591 371 57 -108 -120 41 -270 -519 -718 -378 -668 -153 -135 -456 -154 -729 -588 71 0
D -47 -1044 371 202 -326 -464 73 129 -168 -611 -645 -578 -878 -95 -15 -496 -143 -511 -31 -54 0
C -8 148 57 -326 408 206 -52 -43 38 83 75 172 92 0 9 94 -12 0 0 -93 0
Q 179 164 -108 -464 206 756 290 -485 -56 555 613 490 -56 301 414 -29 64 318 -65 241 0
E -354 -791 -120 73 -52 290 1003 -85 -245 173 -98 415 -560 422 -147 -870 -287 345 191 -136 0
G -137 -212 41 129 -43 -485 -85 199 -46 -541 -452 -176 -105 -299 -417 -198 -163 -81 198 -459 0
H -611 33 -270 -168 38 -56 -245 -46 327 53 232 25 -53 105 -332 81 -420 221 67 -474 0
I -241 511 -519 -611 83 555 173 -541 53 528 651 564 -50 330 32 -111 25 525 -191 289 0
L -81 221 -718 -645 75 613 -98 -452 232 651 1166 452 130 432 479 43 -103 788 71 377 0
K -89 254 -378 -578 172 490 415 -176 25 564 452 485 -5 96 88 -114 230 431 -137 299 0
M 128 261 -668 -878 92 -56 -560 -105 -53 -50 130 -5 520 -262 -125 161 102 -159 -451 -127 0
F -423 -223 -153 -95 0 301 422 -299 105 330 432 96 -262 1352 63 -514 -10 468 586 227 0
P 348 -31 -135 -15 9 414 -147 -417 -332 32 479 88 -125 63 151 92 271 84 -201 319 0
S 65 185 -456 -496 94 -29 -870 -198 81 -111 43 -114 161 -514 92 301 46 -133 -512 -217 0
T 284 106 -154 -143 -12 64 -287 -163 -420 25 -103 230 102 -10 271 46 383 -242 -384 396 0
W -569 17 -729 -511 0 318 345 -81 221 525 788 431 -159 468 84 -133 -242 1348 259 73 0
Y -514 -394 -588 -31 0 -65 191 198 67 -191 71 -137 -451 586 -201 -512 -384 259 1746 -210 0
V 421 123 71 -54 -93 241 -136 -459 -474 289 377 299 -127 227 319 -217 396 73 -210 496 0
* 0 0 0 0 0 0 0 0 0 0 0 0 0 0 0 0 0 0 0 0 0
