 A R N D C Q E G H I L K M F P S T W Y V *
A 375 -219 -625 -476 221 -58 -534 77 -747 -75 279 -619 -53 -259 -923 -433 -87 518 -1062 302 0
R -219 46 -599 -247 128 472 -113 -622 194 177 483 -266 322 284 598 222 217 -224 -157 -173 0
N -625 -599 1140 -247 -409 -673 -17 657 -59 -326 -1130 323 220 -758 -792 107 -563 -377 -334 -422 0
D -476 -247 -247 188 -410 -79 309 83 249 155 -344 288 -1324 216 -24 -617 -19 214 658 -450 0
C 221 128 -409 -410 884 -15 129 -76 0 210 441 0 167 190 151 -47 -154 195 0 84 0
Q -58 472 -673 -79 -15 1807 425 -1190 321 -335 256 -123 194 -1 610 364 535 -130 480 -641 0
E -534 -113 -17 309 129 425 1439 -389 -802 -457 345 -693 -1336 94 647 -76 -179 597 -789 -622 0
G 77 -622 657 83 -76 -1190 -389 435 2 56 -1206 254 -1106 -873 -668 -302 135 -581 -704 -323 0
H -747 194 -59 249 0 321 -802 2 1629 -233 -172 564 267 584 -520 -42 139 -732 330 -569 0
I -75 177 -326 155 210 -335 -457 56 -233 2247 -182 -315 -201 197 -166 -964 -217 -385 295 164 0
L 279 483 -1130 -344 441 256 345 -1206 -172 -182 940 -546 790 994 681 -338 -550 450 318 499 0
K -619 -266 323 288 0 -123 -693 254 564 -315 -546 584 316 244 -660 110 -153 -2 461 300 0
M -53 322 220 -1324 167 194 -1336 -1106 267 -201 790 316 2490 1078 -617 205 -1096 89 294 594 0
F -259 284 -758 216 190 -1 94 -873 584 197 994 244 1078 1213 265 -504 -706 330 671 552 0
P -923 598 -792 -24 151 610 647 -668 -520 -166 681 -660 -617 265 686 122 16 -184 62 -1690 0
S -433 222 107 -617 -47 364 -76 -302 -42 -964 -338 110 205 -504 122 306 223 -935 -322 -774 0
T -87 217 -563 -19 -154 535 -179 135 139 -217 -550 -153 -1096 -706 16 223 180 -483 -695 -522 0
W 518 -224 -377 214 195 -130 597 -581 -732 -385 450 -2 89 330 -184 -935 -483 1364 295 1162 0
Y -1062 -157 -334 658 0 480 -789 -704 330 295 318 461 294 671 62 -322 -695 295 1820 619 0
V 302 -173 -422 -450 84 -641 -622 -323 -569 164 499 300 594 552 -1690 -774 -522 1162 619 1391 0
* 0 0 0 0 0 0 0 0 0 0 0 0 0 0 0 0 0 0 0 0 0
