 A R N D C Q E G H I L K M F P S T W Y V *
A 162 -163 -438 -598 151 -50 -414 0 -876 -62 300 -717 -50 -234 -909 -473 -321 606 -916 436 0
R -163 -103 -613 -127 55 321 -208 -462 178 279 425 -265 284 333 466 126 206 -145 -222 -211 0
N -438 -613 998 154 61 -660 -27 616 -386 33 -442 86 162 -516 -636 -26 -504 -78 59 -203 0
D -598 -127 154 7 -138 -38 184 81 253 -103 -329 243 -1073 93 165 53 -101 -189 33 -782 0
C 151 55 61 -138 567 -15 105 -36 0 -19 124 0 167 -4 35 -91 -17 195 0 -32 0
Q -50 321 -660 -38 -15 1087 431 -955 194 -126 513 -171 213 255 651 170 224 130 268 -480 0
E -414 -208 -27 184 105 431 1014 -220 -296 -741 175 -471 -1334 -188 559 104 -84 447 -1075 -1060 0
G 0 -462 616 81 -36 -955 -220 287 -204 82 -1081 67 -1083 -820 -490 -281 77 -527 -364 -134 0
H -876 178 -386 253 0 194 -296 -204 382 325 -149 -5 236 393 277 -43 -10 -617 446 -653 0
I -62 279 33 -103 -19 -126 -741 82 325 1274 -638 -364 70 -332 102 -449 20 -758 -77 -438 0
L 300 425 -442 -329 124 513 175 -1081 -149 -638 352 -463 828 598 457 147 -246 193 61 126 0
K -717 -265 86 243 0 -171 -471 67 -5 -364 -463 202 322 124 -125 247 -241 76 539 179 0
M -50 284 162 -1073 167 213 -1334 -1083 236 70 828 322 2378 1083 -717 141 -1120 351 573 856 0
F -234 333 -516 93 -4 255 -188 -820 393 -332 598 124 1083 539 177 21 -486 130 471 157 0
P -909 466 -636 165 35 651 559 -490 277 102 457 -125 -717 177 301 258 51 19 150 -1493 0
S -473 126 -26 53 -91 170 104 -281 -43 -449 147 247 141 21 258 -103 113 -273 268 -176 0
T -321 206 -504 -101 -17 224 -84 77 -10 20 -246 -241 -1120 -486 51 113 159 -298 -748 -317 0
W 606 -145 -78 -189 195 130 447 -527 -617 -758 193 76 351 130 19 -273 -298 1159 -108 757 0
Y -916 -222 59 33 0 268 -1075 -364 446 -77 61 539 573 471 150 268 -748 -108 659 115 0
V 436 -211 -203 -782 -32 -480 -1060 -134 -653 -438 126 179 856 157 -1493 -176 -317 757 115 753 0
* 0 0 0 0 0 0 0 0 0 0 0 0 0 0 0 0 0 0 0 0 0
