 A R N D C Q E G H I L K M F P S T W Y V *
A 18 31 -224 89 443 -41 -16 157 -544 -10 213 -574 303 -42 85 3 -311 168 -1089 -278 0
R 31 -618 119 -275 256 277 285 -260 -110 -199 240 -149 196 -67 358 226 -121 -5 -31 90 0
N -224 119 7 -883 -819 -50 112 109 443 -740 -1254 256 247 -477 -235 263 -355 -407 -1017 -448 0
D 89 -275 -883 204 -821 -97 154 35 148 510 -148 279 -778 230 -398 -1282 318 598 1420 631 0
C 443 256 -819 -821 1768 -30 258 -152 0 421 882 0 334 381 302 -94 -309 391 0 168 0
Q -41 277 -50 -97 -30 2561 -40 -494 216 -457 -542 71 -75 -540 -106 364 598 -537 390 -361 0
E -16 285 112 154 258 -40 540 -337 -1432 527 529 -869 213 558 248 -412 -572 552 173 848 0
G 157 -260 109 35 -152 -494 -337 -28 485 -48 -237 441 -111 -75 -295 41 187 -140 -625 -362 0
H -544 -110 443 148 0 216 -1432 485 2494 -1163 -578 1525 70 403 -1678 152 700 -230 160 160 0
I -10 -199 -740 510 421 -457 527 -48 -1163 2404 925 47 -585 1053 -536 -1028 -483 746 729 1161 0
L 213 240 -1254 -148 882 -542 529 -237 -578 925 404 -667 180 799 548 -1021 -1118 804 -13 735 0
K -574 -149 256 279 0 71 -869 441 1525 47 -667 510 -4 218 -1158 -129 607 -147 248 228 0
M 303 196 247 -778 334 -75 213 -111 70 -585 180 -4 1201 -18 277 -46 21 -131 -558 -589 0
F -42 -67 -477 230 381 -540 558 -75 403 1053 799 218 -18 961 208 -1020 -457 392 374 796 0
P 85 358 -235 -398 302 -106 248 -295 -1678 -536 548 -1158 277 208 204 -225 -153 -295 -276 -378 0
S 3 226 263 -1282 -94 364 -412 41 152 -1028 -1021 -129 -46 -1020 -225 -12 371 -1466 -1047 -1180 0
T -311 -121 -355 318 -309 598 -572 187 700 -483 -1118 607 21 -457 -153 371 271 -359 511 -443 0
W 168 -5 -407 598 391 -537 552 -140 -230 746 804 -147 -131 392 -295 -1466 -359 32 800 810 0
Y -1089 -31 -1017 1420 0 390 173 -625 160 729 -13 248 -558 374 -276 -1047 511 800 2709 991 0
V -278 90 -448 631 168 -361 848 -362 160 1161 735 228 -589 796 -378 -1180 -443 810 991 1476 0
* 0 0 0 0 0 0 0 0 0 0 0 0 0 0 0 0 0 0 0 0 0
