 A R N D C Q E G H I L K M F P S T W Y V *
A -407 144 148 -154 302 -26 223 4 -803 15 255 -771 310 8 113 -74 -780 343 -796 -10 0
R 144 -917 91 -35 111 -23 95 57 -143 3 124 -148 119 31 94 33 -143 152 -160 14 0
N 148 91 -276 -79 122 -23 91 27 -211 -22 123 -216 130 5 76 -5 -237 189 -228 -10 0
D -154 -35 -79 -156 -277 -16 -96 31 157 -7 -118 189 -277 -17 -18 60 154 -210 171 -33 0
C 302 111 122 -277 1134 -30 210 -72 0 -39 249 0 334 -9 71 -183 -34 391 0 -65 0
Q -26 -23 -23 -16 -30 1120 -29 -23 -38 -38 -28 -23 -38 -25 -23 -23 -23 -16 -34 -38 0
E 223 95 91 -96 210 -29 -309 1 -420 -39 189 -425 218 -6 74 -49 -383 251 -399 -28 0
G 4 57 27 31 -72 -23 1 -323 72 3 11 67 -64 31 61 83 72 -31 56 14 0
H -803 -143 -211 157 0 -38 -420 72 0 -45 -533 385 8 22 -82 151 399 0 391 -7 0
I 15 3 -22 -7 -39 -38 -39 3 -45 459 13 -50 -39 -6 3 3 -7 1 -16 -44 0
L 255 124 123 -118 249 -28 189 11 -533 13 -772 -501 257 8 98 -50 -510 290 -527 -12 0
K -771 -148 -216 189 0 -23 -425 67 385 -50 -501 -254 8 -22 -88 145 431 9 405 -13 0
M 310 119 130 -277 334 -38 218 -64 8 -39 257 8 976 -9 79 -175 -26 391 0 -65 0
F 8 31 5 -17 -9 -25 -6 31 22 -6 8 -22 -9 -386 31 31 -17 -7 -25 5 0
P 113 94 76 -18 71 -23 74 61 -82 3 98 -88 79 31 -565 46 -82 112 -99 14 0
S -74 33 -5 60 -183 -23 -49 83 151 3 -50 145 -175 31 46 -832 151 -142 134 14 0
T -780 -143 -237 154 -34 -23 -383 72 399 -7 -510 431 -26 -17 -82 151 230 9 405 -33 0
W 343 152 189 -210 391 -16 251 -31 0 1 290 9 391 -7 112 -142 9 -376 -7 1 0
Y -796 -160 -228 171 0 -34 -399 56 391 -16 -527 405 0 -25 -99 134 405 -7 388 -16 0
V -10 14 -10 -33 -65 -38 -28 14 -7 -44 -12 -13 -65 5 14 14 -33 1 -16 200 0
* 0 0 0 0 0 0 0 0 0 0 0 0 0 0 0 0 0 0 0 0 0
