 A R N D C Q E G H I L K M F P S T W Y V *
A 1027 -2169 705 -2628 -2366 -579 809 218 -591 -2125 -296 411 -150 -412 589 1139 -50 206 -1201 263 0
R -2169 460 209 411 641 570 -3643 -1596 246 578 501 -3517 165 297 -3538 -1981 602 -226 224 572 0
N 705 209 512 28 183 196 304 -420 212 550 582 -125 297 473 119 566 619 242 230 737 0
D -2628 411 28 -121 456 315 -36 -1365 406 478 342 -275 202 374 -15 -2273 246 -170 436 199 0
C -2366 641 183 456 1095 285 -583 -1681 338 0 72 0 -195 361 205 -2094 569 -161 -164 399 0
Q -579 570 196 315 285 295 -652 -949 304 705 639 -439 254 474 -835 -687 325 19 299 553 0
E 809 -3643 304 -36 -583 -652 2405 449 -49 677 -190 689 381 -83 365 816 -445 817 -806 -26 0
G 218 -1596 -420 -1365 -1681 -949 449 963 -396 -1718 -996 439 -216 -876 269 388 -859 146 -615 -2092 0
H -591 246 212 406 338 304 -49 -396 1220 905 727 -472 950 947 -775 -397 290 740 1020 568 0
I -2125 578 550 478 0 705 677 -1718 905 1210 1324 326 857 1263 -101 -1937 830 501 851 1012 0
L -296 501 582 342 72 639 -190 -996 727 1324 1060 -504 717 1152 -921 -423 781 473 653 956 0
K 411 -3517 -125 -275 0 -439 689 439 -472 326 -504 1274 -42 -557 307 409 -708 391 -1140 -212 0
M -150 165 297 202 -195 254 381 -216 950 857 717 -42 418 939 -287 -76 314 870 847 608 0
F -412 297 473 374 361 474 -83 -876 947 1263 1152 -557 939 1176 -851 -501 604 704 869 795 0
P 589 -3538 119 -15 205 -835 365 269 -775 -101 -921 307 -287 -851 421 551 -739 98 -1551 -407 0
S 1139 -1981 566 -2273 -2094 -687 816 388 -397 -1937 -423 409 -76 -501 551 936 -88 275 -828 101 0
T -50 602 619 246 569 325 -445 -859 290 830 781 -708 314 604 -739 -88 747 30 313 821 0
W 206 -226 242 -170 -161 19 817 146 740 501 473 391 870 704 98 275 30 443 544 426 0
Y -1201 224 230 436 -164 299 -806 -615 1020 851 653 -1140 847 869 -1551 -828 313 544 1419 495 0
V 263 572 737 199 399 553 -26 -2092 568 1012 956 -212 608 795 -407 101 821 426 495 592 0
* 0 0 0 0 0 0 0 0 0 0 0 0 0 0 0 0 0 0 0 0 0
