 A R N D C Q E G H I L K M F P S T W Y V *
A 1124 -2089 721 -2565 -2366 -482 906 99 -588 -2028 -199 508 -150 -315 687 1010 -40 206 -1104 361 0
R -2089 526 -677 -171 641 447 -3782 -1733 130 560 377 -3640 376 173 -3662 -1932 548 -425 100 448 0
N 721 -677 807 240 183 -218 48 -147 347 107 167 -555 -696 59 -294 477 170 -188 -200 322 0
D -2565 -171 240 235 456 211 -89 -1313 522 345 238 -379 -527 270 -119 -2454 49 -337 333 96 0
C -2366 641 183 456 1095 285 -583 -1681 338 0 72 0 -195 361 205 -2094 569 -161 -164 399 0
Q -482 447 -218 211 285 657 -305 -1203 184 1037 1000 -175 -44 836 -473 -1041 559 283 563 915 0
E 906 -3782 48 -89 -583 -305 2739 221 -143 995 156 1035 67 262 711 470 -226 1066 -460 320 0
G 99 -1733 -147 -1313 -1681 -1203 221 1028 -338 -1962 -1250 185 -280 -1129 15 415 -1009 11 -869 -2346 0
H -588 130 347 522 338 184 -143 -338 1103 784 607 -592 830 827 -895 -430 170 620 900 447 0
I -2028 560 107 345 0 1037 995 -1962 784 1522 1657 561 716 1596 231 -2204 1041 736 1086 1345 0
L -199 377 167 238 72 1000 156 -1250 607 1657 1421 -240 418 1514 -560 -778 1015 737 917 1317 0
K 508 -3640 -555 -379 0 -175 1035 185 -592 561 -240 1635 -341 -293 668 55 -474 655 -778 51 0
M -150 376 -696 -527 -195 -44 67 -280 830 716 418 -341 684 640 -586 65 215 571 548 309 0
F -315 173 59 270 361 836 262 -1129 827 1596 1514 -293 640 1538 -489 -856 838 968 1133 1156 0
P 687 -3662 -294 -119 205 -473 711 15 -895 231 -560 668 -586 -489 783 196 -505 362 -1189 -46 0
S 1010 -1932 477 -2454 -2094 -1041 470 415 -430 -2204 -778 55 65 -856 196 1135 -214 50 -1182 -252 0
T -40 548 170 49 569 559 -226 -1009 170 1041 1015 -474 215 838 -505 -214 930 254 547 1055 0
W 206 -425 -188 -337 -161 283 1066 11 620 736 737 655 571 968 362 50 254 707 808 690 0
Y -1104 100 -200 333 -164 563 -460 -869 900 1086 917 -778 548 1133 -1189 -1182 547 808 1780 759 0
V 361 448 322 96 399 915 320 -2346 447 1345 1317 51 309 1156 -46 -252 1055 690 759 953 0
* 0 0 0 0 0 0 0 0 0 0 0 0 0 0 0 0 0 0 0 0 0
