 A R N D C Q E G H I L K M F P S T W Y V *
A 1028 -1905 1049 -136 -2326 -587 227 50 -684 -1006 25 -710 -1173 -892 -170 1203 277 -568 -1120 486 0
R -1905 922 -1141 -599 1122 39 -2322 -1914 369 -737 342 -1780 -1215 281 -1929 -1650 -371 -637 509 370 0
N 1049 -1141 1687 473 -1270 39 397 121 -585 -822 347 -1099 -987 -942 -72 563 683 -1016 -1001 749 0
D -136 -599 473 -40 -601 234 214 283 -29 261 71 -10 286 -1 257 -441 242 121 -258 59 0
C -2326 1122 -1270 -601 1595 -261 -583 -2207 469 -1495 -88 0 -1925 345 205 -1854 -447 -661 135 192 0
Q -587 39 39 234 -261 1052 530 -204 327 1196 436 474 944 814 82 -1200 941 502 37 164 0
E 227 -2322 397 214 -583 530 1171 245 183 762 450 508 779 383 168 147 440 680 -289 277 0
G 50 -1914 121 283 -2207 -204 245 1252 -313 -612 -538 -267 -214 -807 -197 79 133 -275 -589 -1668 0
H -684 369 -585 -29 469 327 183 -313 1029 547 448 339 778 770 -81 -442 -375 770 885 299 0
I -1006 -737 -822 261 -1495 1196 762 -612 547 1704 918 1215 1531 1328 621 -1173 485 1188 117 562 0
L 25 342 347 71 -88 436 450 -538 448 918 854 679 548 792 157 -191 165 639 387 843 0
K -710 -1780 -1099 -10 0 474 508 -267 339 1215 679 1141 1150 652 551 -592 147 1016 80 506 0
M -1173 -1215 -987 286 -1925 944 779 -214 778 1531 548 1150 1732 1202 738 -1122 197 1454 325 349 0
F -892 281 -942 -1 345 814 383 -807 770 1328 792 652 1202 1390 201 -919 75 972 613 375 0
P -170 -1929 -72 257 205 82 168 -197 -81 621 157 551 738 201 668 -230 229 561 -479 238 0
S 1203 -1650 563 -441 -1854 -1200 147 79 -442 -1173 -191 -592 -1122 -919 -230 1139 -168 -348 -632 248 0
T 277 -371 683 242 -447 941 440 133 -375 485 165 147 197 75 229 -168 976 -174 -698 287 0
W -568 -637 -1016 121 -661 502 680 -275 770 1188 639 1016 1454 972 561 -348 -174 1120 467 509 0
Y -1120 509 -1001 -258 135 37 -289 -589 885 117 387 80 325 613 -479 -632 -698 467 1351 245 0
V 486 370 749 59 192 164 277 -1668 299 562 843 506 349 375 238 248 287 509 245 565 0
* 0 0 0 0 0 0 0 0 0 0 0 0 0 0 0 0 0 0 0 0 0
