 A R N D C Q E G H I L K M F P S T W Y V *
A 171 465 392 -140 388 227 -343 -436 -908 -149 -21 -155 -753 -395 198 315 471 -860 -980 490 0
R 465 -68 416 -174 291 433 -166 -489 -183 161 249 86 -82 -127 40 298 453 -134 -428 605 0
N 392 416 913 56 367 390 -375 -842 -562 84 146 -248 -420 -70 238 114 222 -531 -557 596 0
D -140 -174 56 -660 -85 -81 -72 31 133 -45 -71 -551 -10 22 -30 -81 -263 -21 -7 -142 0
C 388 291 367 -85 196 -136 -1166 -595 0 -998 -608 0 -803 0 410 279 385 0 -1206 260 0
Q 227 433 390 -81 -136 298 156 -772 141 698 752 582 230 447 -212 -26 126 233 -20 738 0
E -343 -166 -375 -72 -1166 156 861 11 268 368 314 384 364 371 -267 -318 -196 388 46 -21 0
G -436 -489 -842 31 -595 -772 11 161 239 -672 -721 -9 49 -582 -353 -84 -447 63 584 -1033 0
H -908 -183 -562 133 0 141 268 239 188 145 -30 378 652 431 -230 -554 -905 677 464 -59 0
I -149 161 84 -45 -998 698 368 -672 145 674 876 652 283 785 -203 -425 -111 306 -194 607 0
L -21 249 146 -71 -608 752 314 -721 -30 876 744 671 121 753 -167 -324 -13 142 -367 643 0
K -155 86 -248 -551 0 582 384 -9 378 652 671 554 503 410 -383 -145 262 521 365 451 0
M -753 -82 -420 -10 -803 230 364 49 652 283 121 503 992 578 9 -616 -684 824 323 137 0
F -395 -127 -70 22 0 447 371 -582 431 785 753 410 578 1500 -180 -614 -342 593 90 338 0
P 198 40 238 -30 410 -212 -267 -353 -230 -203 -167 -383 9 -180 163 133 196 -68 -460 56 0
S 315 298 114 -81 279 -26 -318 -84 -554 -425 -324 -145 -616 -614 133 -19 347 -717 -337 147 0
T 471 453 222 -263 385 126 -196 -447 -905 -111 -13 262 -684 -342 196 347 303 -743 -1048 372 0
W -860 -134 -531 -21 0 233 388 63 677 306 142 521 824 593 -68 -717 -743 1098 336 113 0
Y -980 -428 -557 -7 -1206 -20 46 584 464 -194 -367 365 323 90 -460 -337 -1048 336 1669 -353 0
V 490 605 596 -142 260 738 -21 -1033 -59 607 643 451 137 338 56 147 372 113 -353 370 0
* 0 0 0 0 0 0 0 0 0 0 0 0 0 0 0 0 0 0 0 0 0
