 A R N D C Q E G H I L K M F P S T W Y V *
A 366 624 425 -14 388 422 -149 -674 -903 44 173 39 -753 -200 393 56 491 -861 -785 685 0
R 624 64 -1355 -1340 291 186 -443 -761 -415 125 2 -160 339 -374 -207 396 344 -534 -675 357 0
N 425 -1355 1504 479 367 -438 -885 -297 -292 -802 -682 -1110 -2408 -898 -590 -62 -676 -1393 -1419 -231 0
D -14 -1340 479 54 -85 -288 -179 135 364 -311 -279 -759 -1470 -185 -238 -444 -658 -355 -215 -350 0
C 388 291 367 -85 196 -136 -1166 -595 0 -998 -608 0 -803 0 410 279 385 0 -1206 260 0
Q 422 186 -438 -288 -136 1021 849 -1279 -98 1363 1475 1110 -367 1170 510 -736 594 761 507 1461 0
E -149 -443 -885 -179 -1166 849 1529 -445 81 1004 1007 1077 -262 1065 425 -1009 241 886 739 671 0
G -674 -761 -297 135 -595 -1279 -445 290 355 -1160 -1228 -516 -79 -1089 -860 -30 -746 -205 77 -1540 0
H -903 -415 -292 364 0 -98 81 355 -46 -96 -270 138 412 191 -470 -621 -1145 437 224 -299 0
I 44 125 -802 -311 -998 1363 1004 -1160 -96 1299 1541 1122 1 1450 462 -959 309 777 275 1272 0
L 173 2 -682 -279 -608 1475 1007 -1228 -270 1541 1467 1199 -477 1476 555 -1033 454 670 160 1366 0
K 39 -160 -1110 -759 0 1110 1077 -516 138 1122 1199 1277 -94 938 339 -854 731 1049 1088 979 0
M -753 339 -2408 -1470 -803 -367 -262 -79 412 1 -477 -94 1524 -19 -588 -332 -883 226 -274 -460 0
F -200 -374 -898 -185 0 1170 1065 -1089 191 1450 1476 938 -19 2223 542 -1324 125 1121 618 1061 0
P 393 -207 -590 -238 410 510 425 -860 -470 462 555 339 -588 542 886 -576 664 459 262 779 0
S 56 396 -62 -444 279 -736 -1009 -30 -621 -959 -1033 -854 -332 -1324 -576 378 94 -1169 -1046 -561 0
T 491 344 -676 -658 385 594 241 -746 -1145 309 454 731 -883 125 664 94 669 -295 -580 840 0
W -861 -534 -1393 -355 0 761 886 -205 437 777 670 1049 226 1121 459 -1169 -295 1626 864 641 0
Y -785 -675 -1419 -215 -1206 507 739 77 224 275 160 1088 -274 618 262 -1046 -580 864 2392 174 0
V 685 357 -231 -350 260 1461 671 -1540 -299 1272 1366 979 -460 1061 779 -561 840 641 174 1093 0
* 0 0 0 0 0 0 0 0 0 0 0 0 0 0 0 0 0 0 0 0 0
