 A R N D C Q E G H I L K M F P S T W Y V *
A -153 35 32 57 47 -56 45 120 -50 41 41 -228 47 -61 51 -55 -129 -73 -193 -12 0
R 35 -411 17 -25 144 116 63 -19 -54 -10 7 58 -176 10 -14 -29 27 -258 -117 140 0
N 32 17 -208 38 58 -81 -230 86 -95 -205 44 -261 22 -77 -46 -9 -235 15 -163 18 0
D 57 -25 38 -107 -212 0 183 219 -57 -183 -229 -110 25 -86 10 -12 -112 -149 -60 -56 0
C 47 144 58 -212 927 19 194 -42 -255 107 -337 209 56 -3 -259 3 43 71 -18 113 0
Q -56 116 -81 0 19 492 -133 93 54 15 -393 99 -18 76 40 -153 20 147 -146 118 0
E 45 63 -230 183 194 -133 101 -35 -410 89 -274 234 45 -152 6 -130 -96 -590 -517 152 0
G 120 -19 86 219 -42 93 -35 48 -41 35 -256 -219 191 -111 -23 -51 109 16 95 -60 0
H -50 -54 -95 -57 -255 54 -410 -41 687 -206 -115 -54 42 235 -20 -159 -59 222 204 9 0
I 41 -10 -205 -183 107 15 89 35 -206 -117 -260 28 20 -107 22 -47 128 123 -60 -37 0
L 41 7 44 -229 -337 -393 -274 -256 -115 -260 -136 -357 -165 365 8 159 -276 34 -67 -238 0
K -228 58 -261 -110 209 99 234 -219 -54 28 -357 49 117 198 -103 74 53 -62 -221 329 0
M 47 -176 22 25 56 -18 45 191 42 20 -165 117 915 105 -45 -235 158 270 -276 -202 0
F -61 10 -77 -86 -3 76 -152 -111 235 -107 365 198 105 201 -26 39 -117 160 183 -94 0
P 51 -14 -46 10 -259 40 6 -23 -20 22 8 -103 -45 -26 -365 57 -6 147 -15 -110 0
S -55 -29 -9 -12 3 -153 -130 -51 -159 -47 159 74 -235 39 57 -272 -215 95 7 27 0
T -129 27 -235 -112 43 20 -96 109 -59 128 -276 53 158 -117 -6 -215 -99 -103 -98 -153 0
W -73 -258 15 -149 71 147 -590 16 222 123 34 -62 270 160 147 95 -103 684 278 -287 0
Y -193 -117 -163 -60 -18 -146 -517 95 204 -60 -67 -221 -276 183 -15 7 -98 278 -84 -80 0
V -12 140 18 -56 113 118 152 -60 9 -37 -238 329 -202 -94 -110 27 -153 -287 -80 -126 0
* 0 0 0 0 0 0 0 0 0 0 0 0 0 0 0 0 0 0 0 0 0
