 A R N D C Q E G H I L K M F P S T W Y V *
A 258 -217 -140 -142 -624 120 -157 153 -165 -198 -218 -263 -125 -455 -42 31 -23 -289 -642 -221 0
R -217 111 -207 57 69 162 -70 -204 174 111 128 66 -32 193 5 -260 172 67 27 139 0
N -140 -207 812 22 35 -411 93 -188 -374 -102 28 -96 83 -90 28 78 -194 143 155 157 0
D -142 57 22 194 74 -16 100 -36 -41 -237 52 -29 84 60 86 -143 -172 63 -38 57 0
C -624 69 35 74 2797 -299 120 -488 -184 280 41 349 374 -44 9 -254 -78 55 -79 327 0
Q 120 162 -411 -16 -299 92 -134 8 -66 -54 -228 -275 -372 -305 -65 20 42 -121 -226 -46 0
E -157 -70 93 100 120 -134 236 -278 9 10 13 334 147 107 171 -3 -26 -60 52 195 0
G 153 -204 -188 -36 -488 8 -278 247 -258 -283 -236 -530 -116 -351 -159 -55 -151 -225 -96 -227 0
H -165 174 -374 -41 -184 -66 9 -258 482 376 -90 229 -6 492 -35 -218 81 273 421 67 0
I -198 111 -102 -237 280 -54 10 -283 376 105 106 282 74 201 -49 -202 167 220 347 164 0
L -218 128 28 52 41 -228 13 -236 -90 106 71 201 -61 366 53 -22 99 118 37 97 0
K -263 66 -96 -29 349 -275 334 -530 229 282 201 846 152 74 104 104 64 177 287 242 0
M -125 -32 83 84 374 -372 147 -116 -6 74 -61 152 1065 -23 -66 -75 -124 329 -114 41 0
F -455 193 -90 60 -44 -305 107 -351 492 201 366 74 -23 692 44 -99 26 261 324 180 0
P -42 5 28 86 9 -65 171 -159 -35 -49 53 104 -66 44 -1 102 -31 17 -27 122 0
S 31 -260 78 -143 -254 20 -3 -55 -218 -202 -22 104 -75 -99 102 101 -111 -35 -251 -37 0
T -23 172 -194 -172 -78 42 -26 -151 81 167 99 64 -124 26 -31 -111 97 -109 -193 12 0
W -289 67 143 63 55 -121 -60 -225 273 220 118 177 329 261 17 -35 -109 637 328 64 0
Y -642 27 155 -38 -79 -226 52 -96 421 347 37 287 -114 324 -27 -251 -193 328 386 71 0
V -221 139 157 57 327 -46 195 -227 67 164 97 242 41 180 122 -37 12 64 71 -110 0
* 0 0 0 0 0 0 0 0 0 0 0 0 0 0 0 0 0 0 0 0 0
