 A R N D C Q E G H I L K M F P S T W Y V *
A 705 -293 -30 -49 -509 95 -125 -18 -268 -322 -205 -429 -147 -651 51 -309 -32 -471 -480 -58 0
R -293 314 -199 14 191 118 -599 -293 -48 148 34 191 -47 69 63 -147 90 -87 -71 -9 0
N -30 -199 1144 -31 20 -575 122 -216 -463 -212 9 -221 86 -39 -144 -89 -46 -47 229 206 0
D -49 14 -31 219 93 46 153 -74 2 -234 52 -239 -31 195 -35 -207 -199 -138 -88 145 0
C -509 191 20 93 3088 -341 115 -732 -101 344 198 360 351 4 139 -331 -143 124 -19 474 0
Q 95 118 -575 46 -341 189 -448 15 -32 -57 -216 -237 -484 -474 -130 40 0 -279 -355 -16 0
E -125 -599 122 153 115 -448 596 -264 258 -4 168 255 74 -26 228 -317 -21 -170 78 330 0
G -18 -293 -216 -74 -732 15 -264 351 -328 -311 -320 -485 -75 -264 -260 1 -97 -202 -186 -318 0
H -268 -48 -463 2 -101 -32 258 -328 980 384 174 326 -27 452 38 -312 12 166 450 240 0
I -322 148 -212 -234 344 -57 -4 -311 384 255 215 433 76 225 84 -168 91 255 299 137 0
L -205 34 9 52 198 -216 168 -320 174 215 329 240 -228 314 150 -218 76 197 132 263 0
K -429 191 -221 -239 360 -237 255 -485 326 433 240 1114 -138 -93 268 151 -130 84 184 241 0
M -147 -47 86 -31 351 -484 74 -75 -27 76 -228 -138 1547 -280 -238 -157 -27 195 -298 -26 0
F -651 69 -39 195 4 -474 -26 -264 452 225 314 -93 -280 820 132 -246 -8 229 338 136 0
P 51 63 -144 -35 139 -130 228 -260 38 84 150 268 -238 132 243 32 -93 -14 -167 213 0
S -309 -147 -89 -207 -331 40 -317 1 -312 -168 -218 151 -157 -246 32 436 -160 97 -500 -337 0
T -32 90 -46 -199 -143 0 -21 -97 12 91 76 -130 -27 -8 -93 -160 192 -149 -4 -22 0
W -471 -87 -47 -138 124 -279 -170 -202 166 255 197 84 195 229 -14 97 -149 1200 288 99 0
Y -480 -71 229 -88 -19 -355 78 -186 450 299 132 184 -298 338 -167 -500 -4 288 586 197 0
V -58 -9 206 145 474 -16 330 -318 240 137 263 241 -26 136 213 -337 -22 99 197 181 0
* 0 0 0 0 0 0 0 0 0 0 0 0 0 0 0 0 0 0 0 0 0
