 A R N D C Q E G H I L K M F P S T W Y V *
A 262 -157 88 -101 -330 53 -181 173 -148 -351 -260 -324 -374 -468 -159 35 59 -386 -550 -157 0
R -157 271 -502 23 105 91 -81 -156 200 -211 49 -165 -322 153 -137 -208 49 -23 -36 96 0
N 88 -502 896 41 113 -697 -120 20 -435 -405 -169 -83 -216 -273 -173 156 -174 332 146 163 0
D -101 23 41 199 76 1 84 14 -50 -223 33 35 30 14 67 -129 -129 95 -40 44 0
C -330 105 113 76 2848 -289 127 -394 -199 -10 -24 249 52 -89 -65 -97 -73 -56 -114 286 0
Q 53 91 -697 1 -289 207 -54 -100 -70 108 -128 -447 -208 -150 62 -102 66 -82 -193 -75 0
E -181 -81 -120 84 127 -54 268 -331 65 137 55 207 189 139 166 -19 32 -79 97 173 0
G 173 -156 20 14 -394 -100 -331 327 -297 -447 -302 -446 -344 -425 -281 -32 -133 -216 -144 -175 0
H -148 200 -435 -50 -199 -70 65 -297 500 271 -125 82 -17 538 -52 -214 51 251 475 38 0
I -351 -211 -405 -223 -10 108 137 -447 271 392 249 247 426 286 254 -333 94 300 245 83 0
L -260 49 -169 33 -24 -128 55 -302 -125 249 155 211 111 399 212 -69 52 -70 -15 54 0
K -324 -165 -83 35 249 -447 207 -446 82 247 211 816 187 109 169 77 -35 447 169 304 0
M -374 -322 -216 30 52 -208 189 -344 -17 426 111 187 1410 124 184 -200 -114 456 -18 80 0
F -468 153 -273 14 -89 -150 139 -425 538 286 399 109 124 712 130 -89 -16 251 328 103 0
P -159 -137 -173 67 -65 62 166 -281 -52 254 212 169 184 130 194 -21 0 -48 -28 123 0
S 35 -208 156 -129 -97 -102 -19 -32 -214 -333 -69 77 -200 -89 -21 175 -107 34 -191 9 0
T 59 49 -174 -129 -73 66 32 -133 51 94 52 -35 -114 -16 0 -107 147 -253 -218 -16 0
W -386 -23 332 95 -56 -82 -79 -216 251 300 -70 447 456 251 -48 34 -253 1101 387 74 0
Y -550 -36 146 -40 -114 -193 97 -144 475 245 -15 169 -18 328 -28 -191 -218 387 443 34 0
V -157 96 163 44 286 -75 173 -175 38 83 54 304 80 103 123 9 -16 74 34 -132 0
* 0 0 0 0 0 0 0 0 0 0 0 0 0 0 0 0 0 0 0 0 0
