 A R N D C Q E G H I L K M F P S T W Y V *
A 338 -98 43 -144 -327 -100 -191 219 -8 -430 -315 -465 -403 -576 -241 31 155 -194 -346 -107 0
R -98 421 -614 -109 122 -147 -69 -72 -20 -301 -68 -333 -301 58 -209 -158 39 -53 -453 92 0
N 43 -614 1421 -176 -324 -910 -458 -115 -243 -838 -522 -30 -423 -532 -452 164 149 382 378 21 0
D -144 -109 -176 234 162 170 108 -39 69 -257 101 28 -20 35 97 -180 -188 62 89 -7 0
C -327 122 -324 162 2945 -355 75 -328 -279 -200 -102 78 -10 -4 -202 -70 -150 -27 -554 261 0
Q -100 -147 -910 170 -355 493 57 -306 196 281 81 -41 -159 22 268 -223 -28 -36 208 -122 0
E -191 -69 -458 108 75 57 300 -348 45 167 106 131 186 108 215 -5 -17 -100 -98 149 0
G 219 -72 -115 -39 -328 -306 -348 443 -314 -529 -376 -543 -266 -393 -342 -22 -104 -137 -371 -78 0
H -8 -20 -243 69 -279 196 45 -314 299 150 -34 -40 -92 400 2 -369 45 138 606 -20 0
I -430 -301 -838 -257 -200 281 167 -529 150 737 433 231 578 280 437 -494 -8 170 -5 151 0
L -315 -68 -522 101 -102 81 106 -376 -34 433 283 297 163 454 352 -134 -92 -233 -95 39 0
K -465 -333 -30 28 78 -41 131 -543 -40 231 297 766 191 259 269 59 -123 218 127 196 0
M -403 -301 -423 -20 -10 -159 186 -266 -92 578 163 191 1578 236 203 -340 -135 390 -300 201 0
F -576 58 -532 35 -4 22 108 -393 400 280 454 259 236 773 180 -157 -113 70 158 118 0
P -241 -209 -452 97 -202 268 215 -342 2 437 352 269 203 180 233 -68 -105 -144 -110 105 0
S 31 -158 164 -180 -70 -223 -5 -22 -369 -494 -134 59 -340 -157 -68 276 -140 -4 -404 -76 0
T 155 39 149 -188 -150 -28 -17 -104 45 -8 -92 -123 -135 -113 -105 -140 238 -212 -176 -7 0
W -194 -53 382 62 -27 -36 -100 -137 138 170 -233 218 390 70 -144 -4 -212 965 177 62 0
Y -346 -453 378 89 -554 208 -98 -371 606 -5 -95 127 -300 158 -110 -404 -176 177 878 -235 0
V -107 92 21 -7 261 -122 149 -78 -20 151 39 196 201 118 105 -76 -7 62 -235 -38 0
* 0 0 0 0 0 0 0 0 0 0 0 0 0 0 0 0 0 0 0 0 0
