 A R N D C Q E G H I L K M F P S T W Y V *
A -105 207 142 -19 0 170 -581 -80 -423 -184 -232 -132 45 -175 209 235 244 -458 -376 278 0
R 207 -91 160 -74 -2 50 -441 -124 14 226 181 178 137 56 61 184 266 57 -188 337 0
N 142 160 91 14 -2 120 -123 -310 -202 137 -36 23 -32 14 83 62 99 -148 -339 270 0
D -19 -74 14 -362 0 -45 1 9 66 -147 -79 -319 -145 -152 1 11 -115 -161 47 -62 0
C 0 -2 -2 0 102 -2 -2 -8 -8 0 0 -2 -8 0 -2 0 -8 0 0 0 0
Q 170 50 120 -45 -2 346 85 -224 -95 196 196 41 82 180 23 10 16 29 -32 177 0
E -581 -441 -123 1 -2 85 323 15 26 39 -313 106 -288 163 -553 -526 -461 145 -27 -505 0
G -80 -124 -310 9 -8 -224 15 57 73 -266 -121 -12 19 -176 -75 20 -113 27 243 -351 0
H -423 14 -202 66 -8 -95 26 73 109 49 134 92 3 32 -208 -124 -270 166 150 -79 0
I -184 226 137 -147 0 196 39 -266 49 15 140 293 97 208 -194 -88 74 107 -287 240 0
L -232 181 -36 -79 0 196 -313 -121 134 140 842 131 265 270 108 -76 -121 266 -8 198 0
K -132 178 23 -319 -2 41 106 -12 92 293 131 137 120 132 -210 5 182 167 -42 160 0
M 45 137 -32 -145 -8 82 -288 19 3 97 265 120 34 156 101 65 134 147 -115 119 0
F -175 56 14 -152 0 180 163 -176 32 208 270 132 156 726 -111 -151 -45 162 -98 91 0
P 209 61 83 1 -2 23 -553 -75 -208 -194 108 -210 101 -111 -230 184 145 -81 -344 119 0
S 235 184 62 11 0 10 -526 20 -124 -88 -76 5 65 -151 184 -231 215 -178 -86 175 0
T 244 266 99 -115 -8 16 -461 -113 -270 74 -121 182 134 -45 145 215 78 -175 -450 246 0
W -458 57 -148 -161 0 29 145 27 166 107 266 167 147 162 -81 -178 -175 494 -12 9 0
Y -376 -188 -339 47 0 -32 -27 243 150 -287 -8 -42 -115 -98 -344 -86 -450 -12 640 -312 0
V 278 337 270 -62 0 177 -505 -351 -79 240 198 160 119 91 119 175 246 9 -312 126 0
* 0 0 0 0 0 0 0 0 0 0 0 0 0 0 0 0 0 0 0 0 0
