 A R N D C Q E G H I L K M F P S T W Y V *
A 590 -277 2 -122 -15 -194 -157 57 -101 -463 -391 -496 -299 -552 -264 -153 52 -14 -429 53 0
R -277 503 -727 -550 45 -3 -443 -206 -246 -204 -173 21 -422 -175 -93 45 -203 -188 -476 -187 0
N 2 -727 1421 -84 -121 -546 -511 -162 -10 -470 -1183 -129 -189 -530 -661 -149 279 -290 563 -244 0
D -122 -550 -84 771 -106 -170 359 -164 -178 -139 -283 -200 -406 -21 -310 -288 -215 -439 139 -141 0
C -15 45 -121 -106 1024 52 166 -178 44 208 -49 111 142 146 -83 -34 -134 126 62 79 0
Q -194 -3 -546 -170 52 1291 -404 -464 147 -136 -88 -24 -374 -138 79 -157 -215 -76 -1 -253 0
E -157 -443 -511 359 166 -404 1169 -275 -96 131 -20 251 10 89 150 -360 -392 -148 -178 142 0
G 57 -206 -162 -164 -178 -464 -275 488 -539 -456 -871 -463 -283 -416 -637 -131 -34 -477 -671 -376 0
H -101 -246 -10 -178 44 147 -96 -539 2842 161 128 319 432 306 -155 -333 -235 399 265 -61 0
I -463 -204 -470 -139 208 -136 131 -456 161 2173 -69 385 302 167 60 -263 -177 290 -16 134 0
L -391 -173 -1183 -283 -49 -88 -20 -871 128 -69 1089 -188 82 688 663 -198 -633 253 -132 63 0
K -496 21 -129 -200 111 -24 251 -463 319 385 -188 2149 157 282 -57 -190 -163 99 -203 -19 0
M -299 -422 -189 -406 142 -374 10 -283 432 302 82 157 2771 446 -24 -279 -264 348 -118 58 0
F -552 -175 -530 -21 146 -138 89 -416 306 167 688 282 446 1704 180 -383 -479 339 55 80 0
P -264 -93 -661 -310 -83 79 150 -637 -155 60 663 -57 -24 180 746 -266 -505 353 -218 110 0
S -153 45 -149 -288 -34 -157 -360 -131 -333 -263 -198 -190 -279 -383 -266 273 -207 -201 -408 -288 0
T 52 -203 279 -215 -134 -215 -392 -34 -235 -177 -633 -163 -264 -479 -505 -207 511 -391 0 64 0
W -14 -188 -290 -439 126 -76 -148 -477 399 290 253 99 348 339 353 -201 -391 2680 149 57 0
Y -429 -476 563 139 62 -1 -178 -671 265 -16 -132 -203 -118 55 -218 -408 0 149 1771 -308 0
V 53 -187 -244 -141 79 -253 142 -376 -61 134 63 -19 58 80 110 -288 64 57 -308 1147 0
* 0 0 0 0 0 0 0 0 0 0 0 0 0 0 0 0 0 0 0 0 0
