 A R N D C Q E G H I L K M F P S T W Y V *
A 163 -110 -100 -125 -99 -9 -33 -30 -158 -107 -202 -215 -155 -274 -85 -15 -3 -88 -366 -37 0
R -110 63 -270 -236 98 79 -70 -133 149 -76 -2 33 -30 -39 -75 -73 -46 -36 -135 -60 0
N -100 -270 988 82 57 -203 -29 -153 -45 41 -177 -47 223 -26 -21 -17 -173 -51 83 122 0
D -125 -236 82 375 -109 -233 277 -12 -130 -36 -284 -2 12 -57 -33 -140 -62 -158 -61 -40 0
C -99 98 57 -109 1222 52 110 -119 -24 85 -122 143 17 -63 -102 -50 -48 -59 -67 92 0
Q -9 79 -203 -233 52 739 -207 -84 11 -179 -115 -48 -251 17 -30 -93 -129 -42 -106 -52 0
E -33 -70 -29 277 110 -207 477 -149 -174 23 -213 185 -98 1 77 -119 -197 -205 -235 54 0
G -30 -133 -153 -12 -119 -84 -149 262 -115 -216 -382 -206 -177 -226 -238 -128 -148 -214 -107 -224 0
H -158 149 -45 -130 -24 11 -174 -115 1116 110 -174 142 104 210 9 -155 33 229 291 -38 0
I -107 -76 41 -36 85 -179 23 -216 110 768 43 75 112 21 115 -74 38 142 124 264 0
L -202 -2 -177 -284 -122 -115 -213 -382 -174 43 317 -161 88 372 98 -21 -58 231 -57 -22 0
K -215 33 -47 -2 143 -48 185 -206 142 75 -161 889 202 60 -44 -134 -58 30 95 45 0
M -155 -30 223 12 17 -251 -98 -177 104 112 88 202 1306 323 -42 -182 -52 310 143 -10 0
F -274 -39 -26 -57 -63 17 1 -226 210 21 372 60 323 865 40 5 -128 293 314 47 0
P -85 -75 -21 -33 -102 -30 77 -238 9 115 98 -44 -42 40 268 -147 -196 63 -38 -8 0
S -15 -73 -17 -140 -50 -93 -119 -128 -155 -74 -21 -134 -182 5 -147 38 -12 -21 -116 -45 0
T -3 -46 -173 -62 -48 -129 -197 -148 33 38 -58 -58 -52 -128 -196 -12 239 -70 -235 -45 0
W -88 -36 -51 -158 -59 -42 -205 -214 229 142 231 30 310 293 63 -21 -70 999 284 3 0
Y -366 -135 83 -61 -67 -106 -235 -107 291 124 -57 95 143 314 -38 -116 -235 284 792 70 0
V -37 -60 122 -40 92 -52 54 -224 -38 264 -22 45 -10 47 -8 -45 -45 3 70 381 0
* 0 0 0 0 0 0 0 0 0 0 0 0 0 0 0 0 0 0 0 0 0
