 A R N D C Q E G H I L K M F P S T W Y V *
A 110 -158 -99 -153 -5 -52 -49 -85 -85 -204 -154 -263 -268 -235 -39 -22 111 -25 -301 -80 0
R -158 95 -265 -261 42 104 -101 -139 14 -243 -40 -64 -220 45 -47 -41 -162 -110 -49 -110 0
N -99 -265 1170 88 53 -277 -100 -181 32 -13 -61 -81 272 -95 11 47 -193 15 42 79 0
D -153 -261 88 514 -12 -252 204 -64 35 -8 -217 -88 -218 -184 -120 -50 -172 -354 -61 -157 0
C -5 42 53 -12 607 14 145 -31 18 59 -132 73 111 24 -71 -10 -15 90 72 47 0
Q -52 104 -277 -252 14 1210 -114 -75 46 -248 -157 -20 -226 75 -51 -286 -175 13 -122 -99 0
E -49 -101 -100 204 145 -114 587 -60 -153 64 -211 387 -63 112 -20 -97 -89 -228 -306 -34 0
G -85 -139 -181 -64 -31 -75 -60 182 -273 -116 -411 -160 -98 -231 -348 -127 -115 -368 -222 -306 0
H -85 14 32 35 18 46 -153 -273 1638 72 -54 119 198 185 -26 -78 -11 261 356 -45 0
I -204 -243 -13 -8 59 -248 64 -116 72 1215 -183 278 190 24 85 -40 46 204 88 138 0
L -154 -40 -61 -217 -132 -157 -211 -411 -54 -183 491 -209 130 314 177 -21 -114 111 -83 119 0
K -263 -64 -81 -88 73 -20 387 -160 119 278 -209 1496 237 206 -53 -203 -78 59 33 22 0
M -268 -220 272 -218 111 -226 -63 -98 198 190 130 237 1925 432 -94 -186 -82 437 161 -118 0
F -235 45 -95 -184 24 75 112 -231 185 24 314 206 432 1114 -1 -122 -172 276 252 78 0
P -39 -47 11 -120 -71 -51 -20 -348 -26 85 177 -53 -94 -1 289 -135 -207 232 -101 -42 0
S -22 -41 47 -50 -10 -286 -97 -127 -78 -40 -21 -203 -186 -122 -135 -110 -199 -115 -85 -139 0
T 111 -162 -193 -172 -15 -175 -89 -115 -11 46 -114 -78 -82 -172 -207 -199 367 -56 -147 54 0
W -25 -110 15 -354 90 13 -228 -368 261 204 111 59 437 276 232 -115 -56 1820 306 -100 0
Y -301 -49 42 -61 72 -122 -306 -222 356 88 -83 33 161 252 -101 -85 -147 306 1415 -76 0
V -80 -110 79 -157 47 -99 -34 -306 -45 138 119 22 -118 78 -42 -139 54 -100 -76 599 0
* 0 0 0 0 0 0 0 0 0 0 0 0 0 0 0 0 0 0 0 0 0
