 A R N D C Q E G H I L K M F P S T W Y V *
A 485 -235 -17 -37 -118 -12 -56 -36 -158 -194 -222 -310 -192 -337 -29 -149 56 -121 -306 61 0
R -235 229 -323 -298 199 78 -255 -260 82 -53 -27 81 -24 -94 -11 34 -117 -180 -205 -139 0
N -17 -323 1171 -94 -107 -267 -103 -101 -115 -171 -399 -128 201 -154 -194 -115 -60 -233 76 65 0
D -37 -298 -94 552 -191 -249 370 -93 -122 1 -265 -78 -62 60 -109 -383 -69 -90 4 25 0
C -118 199 -107 -191 1484 77 103 -357 13 251 28 154 64 -2 0 2 -138 26 -42 149 0
Q -12 78 -267 -249 77 969 -373 -136 8 -182 -206 -24 -219 -161 -101 -29 -53 -156 -189 -96 0
E -56 -255 -103 370 103 -373 779 -290 -132 107 -61 129 -138 42 160 -305 -286 -168 -163 181 0
G -36 -260 -101 -93 -357 -136 -290 334 -223 -415 -537 -240 -233 -207 -399 -106 -82 -229 -185 -312 0
H -158 82 -115 -122 13 8 -132 -223 1610 62 -47 328 130 269 -80 -186 -57 222 274 61 0
I -194 -53 -171 1 251 -182 107 -415 62 1195 217 195 172 126 144 -105 -105 251 179 387 0
L -222 -27 -399 -265 28 -206 -61 -537 -47 217 566 -152 43 446 259 -194 -189 361 19 111 0
K -310 81 -128 -78 154 -24 129 -240 328 195 -152 1163 189 22 -62 -131 -173 -6 -62 84 0
M -192 -24 201 -62 64 -219 -138 -233 130 172 43 189 1735 184 -84 -156 -53 229 68 -44 0
F -337 -94 -154 60 -2 -161 42 -207 269 126 446 22 184 1151 72 -158 -235 408 385 86 0
P -29 -11 -194 -109 0 -101 160 -399 -80 144 259 -62 -84 72 546 -231 -372 -14 -168 -1 0
S -149 34 -115 -383 2 -29 -305 -106 -186 -105 -194 -131 -156 -158 -231 337 -28 -142 -327 -278 0
T 56 -117 -60 -69 -138 -53 -286 -82 -57 -105 -189 -173 -53 -235 -372 -28 337 -155 -111 -139 0
W -121 -180 -233 -90 26 -156 -168 -229 222 251 361 -6 229 408 -14 -142 -155 1429 410 92 0
Y -306 -205 76 4 -42 -189 -163 -185 274 179 19 -62 68 385 -168 -327 -111 410 1168 181 0
V 61 -139 65 25 149 -96 181 -312 61 387 111 84 -44 86 -1 -278 -139 92 181 667 0
* 0 0 0 0 0 0 0 0 0 0 0 0 0 0 0 0 0 0 0 0 0
