 A R N D C Q E G H I L K M F P S T W Y V *
A 169 -173 -83 -152 12 -183 -73 -31 -146 -287 -247 -303 -240 -335 -156 -18 66 -60 -381 -43 0
R -173 248 -517 -348 56 46 -126 -140 -1 -246 -109 -48 -194 14 -89 -101 -192 -72 -139 -121 0
N -83 -517 1231 -1 41 -479 -375 -138 84 -84 -390 -83 178 -143 -251 88 -14 -80 195 -72 0
D -152 -348 -1 565 -29 -261 238 -117 -73 -34 -265 -71 -301 -103 -214 -16 -179 -401 -86 -212 0
C 12 56 41 -29 671 -12 143 -14 22 44 -152 67 92 28 -108 -25 -6 91 75 58 0
Q -183 46 -479 -261 -12 1159 -128 -202 172 -287 -73 -21 -241 48 44 -302 -150 -31 -96 -231 0
E -73 -126 -375 238 143 -128 666 -113 -180 -34 -127 408 -41 84 52 -144 -95 -183 -369 -108 0
G -31 -140 -138 -117 -14 -202 -113 295 -313 -197 -549 -326 -139 -390 -437 -130 -96 -409 -368 -341 0
H -146 -1 84 -73 22 172 -180 -313 2047 130 -133 163 292 263 -176 -106 18 330 444 -112 0
I -287 -246 -84 -34 44 -287 -34 -197 130 1419 -133 209 196 83 36 -140 52 215 109 67 0
L -247 -109 -390 -265 -152 -73 -127 -549 -133 -133 629 -123 86 446 363 -37 -219 49 -131 88 0
K -303 -48 -83 -71 67 -21 408 -326 163 209 -123 1774 235 274 0 -266 -80 102 47 -8 0
M -240 -194 178 -301 92 -241 -41 -139 292 196 86 235 2103 412 -101 -189 -126 488 80 -78 0
F -335 14 -143 -103 28 48 84 -390 263 83 446 274 412 1286 33 -156 -142 252 210 29 0
P -156 -89 -251 -214 -108 44 52 -437 -176 36 363 0 -101 33 376 -146 -247 188 -166 -10 0
S -18 -101 88 -16 -25 -302 -144 -130 -106 -140 -37 -266 -189 -156 -146 -54 -194 -95 -128 -72 0
T 66 -192 -14 -179 -6 -150 -95 -96 18 52 -219 -80 -126 -142 -247 -194 448 -137 -55 84 0
W -60 -72 -80 -401 91 -31 -183 -409 330 215 49 102 488 252 188 -95 -137 2104 299 -12 0
Y -381 -139 195 -86 75 -96 -369 -368 444 109 -131 47 80 210 -166 -128 -55 299 1434 -137 0
V -43 -121 -72 -212 58 -231 -108 -341 -112 67 88 -8 -78 29 -10 -72 84 -12 -137 651 0
* 0 0 0 0 0 0 0 0 0 0 0 0 0 0 0 0 0 0 0 0 0
