 A R N D C Q E G H I L K M F P S T W Y V *
A 572 -246 85 -81 -58 -160 -80 121 -109 -317 -406 -382 -221 -550 -219 -139 10 -33 -343 77 0
R -246 360 -816 -436 140 -56 -295 -192 6 -125 -74 57 -93 -188 -52 73 -181 -165 -518 -100 0
N 85 -816 1443 -138 -250 -597 -515 -161 -141 -469 -1031 -240 -270 -564 -703 -170 250 -389 481 -256 0
D -81 -436 -138 562 -193 -138 347 -151 -191 -97 -332 -120 -169 76 -242 -385 -129 -211 97 -44 0
C -58 140 -250 -193 1254 27 142 -207 -76 210 -112 141 121 26 -194 10 -61 84 -13 39 0
Q -160 -56 -597 -138 27 1203 -345 -371 129 -140 -32 64 -280 -186 178 -178 -128 -206 -147 -286 0
E -80 -295 -515 347 142 -345 948 -397 -92 81 -32 147 -96 31 227 -322 -426 -175 -218 151 0
G 121 -192 -161 -151 -207 -371 -397 506 -438 -562 -805 -530 -267 -425 -624 -126 -30 -276 -560 -309 0
H -109 6 -141 -191 -76 129 -92 -438 2336 -64 1 240 150 247 -192 -256 -271 224 158 1 0
I -317 -125 -469 -97 210 -140 81 -562 -64 1569 120 213 273 112 144 -161 -129 151 56 247 0
L -406 -74 -1031 -332 -112 -32 -32 -805 1 120 974 -66 15 778 647 -245 -509 179 -41 63 0
K -382 57 -240 -120 141 64 147 -530 240 213 -66 1483 164 127 23 -120 -226 -82 -150 183 0
M -221 -93 -270 -169 121 -280 -96 -267 150 273 15 164 2266 115 -40 -237 -104 199 -424 45 0
F -550 -188 -564 76 26 -186 31 -425 247 112 778 127 115 1370 291 -342 -442 320 295 45 0
P -219 -52 -703 -242 -194 178 227 -624 -192 144 647 23 -40 291 689 -279 -527 124 -228 9 0
S -139 73 -170 -385 10 -178 -322 -126 -256 -161 -245 -120 -237 -342 -279 409 -86 -178 -561 -272 0
T 10 -181 250 -129 -61 -128 -426 -30 -271 -129 -509 -226 -104 -442 -527 -86 476 -328 17 -111 0
W -33 -165 -389 -211 84 -206 -175 -276 224 151 179 -82 199 320 124 -178 -328 2002 136 -11 0
Y -343 -518 481 97 -13 -147 -218 -560 158 56 -41 -150 -424 295 -228 -561 17 136 1306 -39 0
V 77 -100 -256 -44 39 -286 151 -309 1 247 63 183 45 45 9 -272 -111 -11 -39 704 0
* 0 0 0 0 0 0 0 0 0 0 0 0 0 0 0 0 0 0 0 0 0
