 A R N D C Q E G H I L K M F P S T W Y V *
A 167 -129 10 -72 -14 -179 -40 22 -130 -216 -273 -247 -169 -381 -207 28 -31 -91 -411 6 0
R -129 145 -493 -348 94 8 -79 -131 68 -149 -85 -3 -147 -48 -145 -104 -58 -51 -189 -66 0
N 10 -493 1062 63 36 -560 -255 -159 -6 2 -308 -153 86 -183 -251 99 -59 -147 258 1 0
D -72 -348 63 371 -125 -233 317 -80 -122 -131 -220 -54 -9 50 -75 -67 -149 -118 -102 -95 0
C -14 94 36 -125 915 -34 109 -24 -113 73 -228 151 78 -50 -219 -25 42 71 -14 40 0
Q -179 8 -560 -233 -34 741 -123 -166 69 -172 -101 -16 -179 3 161 -295 -70 -56 -199 -178 0
E -40 -79 -255 317 109 -123 555 -209 -118 -60 -120 231 -102 46 155 -134 -290 -276 -283 -22 0
G 22 -131 -159 -80 -24 -166 -209 344 -248 -288 -515 -367 -148 -443 -379 -140 -79 -256 -281 -245 0
H -130 68 -6 -122 -113 69 -118 -248 1673 40 -205 114 69 267 -62 -140 -67 293 294 -20 0
I -216 -149 2 -131 73 -172 -60 -288 40 917 -51 5 166 35 99 -113 73 130 125 145 0
L -273 -85 -308 -220 -228 -101 -120 -515 -205 -51 474 -139 -30 555 332 -7 -208 117 -89 -43 0
K -247 -3 -153 -54 151 -16 231 -367 114 5 -139 1116 244 205 -21 -157 -136 70 -4 147 0
M -169 -147 86 -9 78 -179 -102 -148 69 166 -30 244 1852 298 -55 -252 -96 307 -76 43 0
F -381 -48 -183 50 -50 3 46 -443 267 35 555 205 298 1026 174 -110 -229 256 359 0 0
P -207 -145 -251 -75 -219 161 155 -379 -62 99 332 -21 -55 174 365 -149 -256 128 -88 13 0
S 28 -104 99 -67 -25 -295 -134 -140 -140 -113 -7 -157 -252 -110 -149 40 -118 1 -161 -7 0
T -31 -58 -59 -149 42 -70 -290 -79 -67 73 -208 -136 -96 -229 -256 -118 226 -136 -171 -83 0
W -91 -51 -147 -118 71 -56 -276 -256 293 130 117 70 307 256 128 1 -136 1469 161 -29 0
Y -411 -189 258 -102 -14 -199 -283 -281 294 125 -89 -4 -76 359 -88 -161 -171 161 842 43 0
V 6 -66 1 -95 40 -178 -22 -245 -20 145 -43 147 43 0 13 -7 -83 -29 43 379 0
* 0 0 0 0 0 0 0 0 0 0 0 0 0 0 0 0 0 0 0 0 0
