 A R N D C Q E G H I L K M F P S T W Y V *
A 491 -209 201 199 -31 58 -7 156 -71 -108 -11 -426 48 -220 147 -334 -98 -19 -35 145 0
R -209 -93 -57 -103 225 157 -307 -244 -92 -12 -25 270 -177 -198 154 239 -132 -349 -302 -48 0
N 201 -57 239 -324 -338 -109 -410 217 -167 -708 -406 -512 0 -359 -406 -274 47 -407 -210 -103 0
D 199 -103 -324 193 -346 32 388 60 -70 21 -203 -129 -72 115 -151 -516 -76 -63 43 88 0
C -31 225 -338 -346 1486 171 281 -407 -165 391 -21 247 133 142 -165 25 -144 85 122 164 0
Q 58 157 -109 32 171 1172 -552 -172 -5 -13 -457 98 -83 -345 -91 113 123 -141 -360 -10 0
E -7 -307 -410 388 281 -552 718 -337 -385 327 39 190 19 -55 178 -452 -302 -429 -359 457 0
G 156 -244 217 60 -407 -172 -337 177 -226 -405 -562 -388 30 -9 -318 -18 205 -78 -87 -189 0
H -71 -92 -167 -70 -165 -5 -385 -226 1585 -381 142 385 16 141 -304 -200 -141 39 58 98 0
I -108 -12 -708 21 391 -13 327 -405 -381 832 109 360 185 -29 113 -83 -202 334 90 189 0
L -11 -25 -406 -203 -21 -457 39 -562 142 109 414 -265 -248 484 303 -194 -495 192 121 -7 0
K -426 270 -512 -129 247 98 190 -388 385 360 -265 763 93 71 -60 87 -266 -244 -559 456 0
M 48 -177 0 -72 133 -83 19 30 16 185 -248 93 1509 -262 -195 -174 286 141 -495 -283 0
F -220 -198 -359 115 142 -345 -55 -9 141 -29 484 71 -262 782 -19 -315 -157 254 334 -17 0
P 147 154 -406 -151 -165 -91 178 -318 -304 113 303 -60 -195 -19 160 -66 -335 6 -264 -99 0
S -334 239 -274 -516 25 113 -452 -18 -200 -83 -194 87 -174 -315 -66 298 -126 -154 -445 -417 0
T -98 -132 47 -76 -144 123 -302 205 -141 -202 -495 -266 286 -157 -335 -126 196 -300 66 -236 0
W -19 -349 -407 -63 85 -141 -429 -78 39 334 192 -244 141 254 6 -154 -300 1590 398 -179 0
Y -35 -302 -210 43 122 -360 -359 -87 58 90 121 -559 -495 334 -264 -445 66 398 813 163 0
V 145 -48 -103 88 164 -10 457 -189 98 189 -7 456 -283 -17 -99 -417 -236 -179 163 458 0
* 0 0 0 0 0 0 0 0 0 0 0 0 0 0 0 0 0 0 0 0 0
