 A R N D C Q E G H I L K M F P S T W Y V *
A 505 -167 104 124 -8 82 -67 16 -4 -409 86 -630 7 -197 79 -374 -17 175 -121 203 0
R -167 168 -33 -228 139 289 -492 -224 -453 -99 -178 261 -714 -236 89 189 -64 -390 -380 -210 0
N 104 -33 130 -381 -286 -93 -504 221 -61 -684 -535 -516 -137 -514 -380 -157 34 -348 -33 -123 0
D 124 -228 -381 487 -203 -50 430 134 -92 -83 -154 -338 -344 72 -201 -345 -326 -398 88 -51 0
C -8 139 -286 -203 1476 178 305 -366 30 412 -15 209 181 215 -10 -43 -215 120 154 93 0
Q 82 289 -93 -50 178 1307 -544 -283 60 107 -533 25 -278 -125 -288 174 26 -106 -59 26 0
E -67 -492 -504 430 305 -544 903 -199 -312 379 118 276 43 75 80 -547 -435 -265 -360 541 0
G 16 -224 221 134 -366 -283 -199 124 -357 -265 -696 -254 8 -36 -365 -16 215 -373 -192 -229 0
H -4 -453 -61 -92 30 60 -312 -357 2175 -112 472 357 265 359 -147 -399 -82 331 140 -69 0
I -409 -99 -684 -83 412 107 379 -265 -112 1410 -206 631 339 83 145 -72 -336 388 -43 50 0
L 86 -178 -535 -154 -15 -533 118 -696 472 -206 617 -400 -91 361 333 -46 -771 465 -61 32 0
K -630 261 -516 -338 209 25 276 -254 357 631 -400 1667 91 240 -219 0 -89 46 -647 180 0
M 7 -714 -137 -344 181 -278 43 8 265 339 -91 91 2161 198 -162 -222 -35 285 -31 -222 0
F -197 -236 -514 72 215 -125 75 -36 359 83 361 240 198 1003 -85 -349 -319 275 8 104 0
P 79 89 -380 -201 -10 -288 80 -365 -147 145 333 -219 -162 -85 319 -84 -328 517 -165 146 0
S -374 189 -157 -345 -43 174 -547 -16 -399 -72 -46 0 -222 -349 -84 92 -329 -166 -139 -459 0
T -17 -64 34 -326 -215 26 -435 215 -82 -336 -771 -89 -35 -319 -328 -329 280 -348 -8 91 0
W 175 -390 -348 -398 120 -106 -265 -373 331 388 465 46 285 275 517 -166 -348 2392 371 -151 0
Y -121 -380 -33 88 154 -59 -360 -192 140 -43 -61 -647 -31 8 -165 -139 -8 371 1619 -273 0
V 203 -210 -123 -51 93 26 541 -229 -69 50 32 180 -222 104 146 -459 91 -151 -273 1132 0
* 0 0 0 0 0 0 0 0 0 0 0 0 0 0 0 0 0 0 0 0 0
