 A R N D C Q E G H I L K M F P S T W Y V *
A -191 40 -27 -50 54 15 24 19 30 -127 146 -357 98 31 157 -156 32 53 -157 -54 0
R 40 -222 7 23 133 244 40 -1 -41 -122 -45 -40 -193 52 119 -7 -75 -224 -77 32 0
N -27 7 16 -15 55 -131 -298 86 -9 -246 2 -415 -1 -254 -95 0 -173 30 -176 -137 0
D -50 23 -15 132 -14 -75 83 198 -133 -54 -243 -166 -232 -233 -172 47 -296 -544 -32 -204 0
C 54 133 55 -14 775 64 237 -38 -19 80 -240 135 55 -5 -91 -11 38 70 133 39 0
Q 15 244 -131 -75 64 1183 -53 24 125 -42 -304 68 -191 174 -81 -112 -98 -44 7 80 0
E 24 40 -298 83 237 -53 111 71 -487 143 -257 403 -21 -40 -176 -105 8 -398 -682 154 0
G 19 -1 86 198 -38 24 71 -45 -131 176 -310 -48 246 -62 -180 -22 136 -192 -46 -156 0
H 30 -41 -9 -133 -19 125 -487 -131 994 -136 129 18 69 272 -122 -161 177 251 413 -170 0
I -127 -122 -246 -54 80 -42 143 176 -136 198 -389 302 157 -41 22 -23 35 138 -32 -84 0
L 146 -45 2 -243 -240 -304 -257 -310 129 -389 142 -290 46 175 50 151 -301 60 -102 28 0
K -357 -40 -415 -166 135 68 403 -48 18 302 -290 1030 201 175 -79 -88 160 88 -228 157 0
M 98 -193 -1 -232 55 -191 -21 246 69 157 46 201 1118 225 -175 -113 11 462 -57 -374 0
F 31 52 -254 -233 -5 174 -40 -62 272 -41 175 175 225 252 -153 51 41 131 67 -1 0
P 157 119 -95 -172 -91 -81 -176 -180 -122 22 50 -79 -175 -153 -298 75 -59 249 -33 -74 0
S -156 -7 0 47 -11 -112 -105 -22 -161 -23 151 -88 -113 51 75 -413 -335 57 92 -137 0
T 32 -75 -173 -296 38 -98 8 136 177 35 -301 160 11 41 -59 -335 355 -118 81 130 0
W 53 -224 30 -544 70 -44 -398 -192 251 138 60 88 462 131 249 57 -118 1466 326 -290 0
Y -157 -77 -176 -32 133 7 -682 -46 413 -32 -102 -228 -57 67 -33 92 81 326 925 -286 0
V -54 32 -137 -204 39 80 154 -156 -170 -84 28 157 -374 -1 -74 -137 130 -290 -286 227 0
* 0 0 0 0 0 0 0 0 0 0 0 0 0 0 0 0 0 0 0 0 0
