 A R N D C Q E G H I L K M F P S T W Y V *
A -150 46 -48 23 0 -62 170 7 -326 -173 -308 165 -400 165 -179 140 -109 200 -95 -169 0
R 46 -1061 122 -6 0 119 42 -38 153 -144 -121 371 137 -395 -98 59 155 183 -126 -131 0
N -48 122 505 155 0 10 60 2 101 -30 2 646 272 -340 -454 -46 -15 121 -476 45 0
D 23 -6 155 -502 0 197 251 -63 -501 -104 133 306 -96 -306 -218 5 7 -10 23 -1 0
C 0 0 0 0 0 0 0 0 0 0 0 0 0 0 0 0 0 0 0 0 0
Q -62 119 10 197 0 455 -78 -175 14 192 89 336 -251 -194 135 -158 99 -22 -82 -158 0
E 170 42 60 251 0 -78 -360 -48 -383 83 -146 311 21 104 -627 176 -52 210 85 0 0
G 7 -38 2 -63 0 -175 -48 -40 -28 -187 -4 -235 13 17 55 14 14 -236 -81 -5 0
H -326 153 101 -501 0 14 -383 -28 3294 215 -60 -125 419 28 14 -474 384 0 -229 145 0
I -173 -144 -30 -104 0 192 83 -187 215 920 250 -246 232 133 186 -51 -18 224 321 541 0
L -308 -121 2 133 0 89 -146 -4 -60 250 1055 -172 169 17 282 -79 -43 -176 277 259 0
K 165 371 646 306 0 336 311 -235 -125 -246 -172 1044 274 -53 -761 21 58 518 9 -250 0
M -400 137 272 -96 0 -251 21 13 419 232 169 274 3061 98 -348 89 -291 393 425 73 0
F 165 -395 -340 -306 0 -194 104 17 28 133 17 -53 98 1639 153 26 -606 159 278 101 0
P -179 -98 -454 -218 0 135 -627 55 14 186 282 -761 -348 153 178 -185 10 -466 181 -12 0
S 140 59 -46 5 0 -158 176 14 -474 -51 -79 21 89 26 -185 -147 -103 184 112 23 0
T -109 155 -15 7 0 99 -52 14 384 -18 -43 58 -291 -606 10 -103 16 -347 -172 6 0
W 200 183 121 -10 0 -22 210 -236 0 224 -176 518 393 159 -466 184 -347 727 222 -292 0
Y -95 -126 -476 23 0 -82 85 -81 -229 321 277 9 425 278 181 112 -172 222 914 173 0
V -169 -131 45 -1 0 -158 0 -5 145 541 259 -250 73 101 -12 23 6 -292 173 -144 0
* 0 0 0 0 0 0 0 0 0 0 0 0 0 0 0 0 0 0 0 0 0
