 A R N D C Q E G H I L K M F P S T W Y V *
A 1096 -663 152 -460 116 -194 6 -353 -393 -530 -683 -246 -404 -721 -258 80 214 -666 -175 20 0
R -663 1278 -555 -652 305 77 -269 -634 249 2 419 261 -300 -245 -362 -1104 -192 -152 -117 -206 0
N 152 -555 1678 84 123 -724 -328 66 -298 -620 -1251 -118 -741 -662 -582 -690 497 -773 195 -143 0
D -460 -652 84 1266 -58 -41 -35 58 97 -53 -567 -141 -203 22 310 -972 58 -41 -218 -190 0
C 116 305 123 -58 612 35 123 -12 130 41 -123 135 46 -56 -23 -26 12 89 110 -46 0
Q -194 77 -724 -41 35 1823 516 -1604 104 478 868 288 -168 499 391 -551 -65 408 -330 -51 0
E 6 -269 -328 -35 123 516 1627 -724 190 -36 -127 601 -284 433 304 -1025 -320 451 145 -147 0
G -353 -634 66 58 -12 -1604 -724 985 -347 -1357 -2051 -1034 96 -1164 -1281 -833 -648 -833 -420 -1688 0
H -393 249 -298 97 130 104 190 -347 904 -405 -93 198 82 283 115 -364 -227 123 247 -164 0
I -530 2 -620 -53 41 478 -36 -1357 -405 1425 823 436 -58 734 421 -34 -177 799 13 413 0
L -683 419 -1251 -567 -123 868 -127 -2051 -93 823 2034 253 -558 808 157 -618 -1235 901 -196 -220 0
K -246 261 -118 -141 135 288 601 -1034 198 436 253 1301 63 67 405 -411 -12 107 -47 451 0
M -404 -300 -741 -203 46 -168 -284 96 82 -58 -558 63 1204 -284 -464 -127 57 -65 -105 117 0
F -721 -245 -662 22 -56 499 433 -1164 283 734 808 67 -284 1454 430 -274 -526 621 283 91 0
P -258 -362 -582 310 -23 391 304 -1281 115 421 157 405 -464 430 1206 -568 35 123 -193 202 0
S 80 -1104 -690 -972 -26 -551 -1025 -833 -364 -34 -618 -411 -127 -274 -568 1084 -683 -72 -584 -403 0
T 214 -192 497 58 12 -65 -320 -648 -227 -177 -1235 -12 57 -526 35 -683 1172 -276 173 232 0
W -666 -152 -773 -41 89 408 451 -833 123 799 901 107 -65 621 123 -72 -276 1510 105 -115 0
Y -175 -117 195 -218 110 -330 145 -420 247 13 -196 -47 -105 283 -193 -584 173 105 1552 -392 0
V 20 -206 -143 -190 -46 -51 -147 -1688 -164 413 -220 451 117 91 202 -403 232 -115 -392 1196 0
* 0 0 0 0 0 0 0 0 0 0 0 0 0 0 0 0 0 0 0 0 0
