 A R N D C Q E G H I L K M F P S T W Y V *
A 753 -117 -31 134 137 112 -259 -477 -416 -99 -630 -29 -156 -324 -96 -55 94 45 96 123 0
R -117 1562 75 79 274 322 -70 -733 423 -56 610 312 56 176 356 -452 -112 226 234 57 0
N -31 75 674 0 93 -21 -177 132 96 -131 -177 -46 -17 -289 141 -188 262 64 202 287 0
D 134 79 0 1133 105 408 60 -40 306 188 -147 114 63 187 407 -797 -65 125 275 182 0
C 137 274 93 105 565 -9 127 -80 157 54 -131 78 46 -56 -34 -20 -46 88 110 0 0
Q 112 322 -21 408 -9 1640 601 -982 326 192 291 380 174 309 246 -304 280 214 -60 278 0
E -259 -70 -177 60 127 601 1227 -520 253 261 20 412 -107 374 -11 -1074 -606 180 143 0 0
G -477 -733 132 -40 -80 -982 -520 698 -282 -892 -1347 -802 -113 -663 -941 -865 -1292 -357 70 -719 0
H -416 423 96 306 157 326 253 -282 1001 119 125 218 111 367 257 -359 -40 133 558 172 0
I -99 -56 -131 188 54 192 261 -892 119 1329 434 66 320 -45 124 123 261 265 -34 408 0
L -630 610 -177 -147 -131 291 20 -1347 125 434 1610 27 291 315 -175 -319 -230 234 27 323 0
K -29 312 -46 114 78 380 412 -802 218 66 27 592 25 104 481 -201 173 -24 -2 225 0
M -156 56 -17 63 46 174 -107 -113 111 320 291 25 664 266 92 -159 241 52 36 397 0
F -324 176 -289 187 -56 309 374 -663 367 -45 315 104 266 1370 98 -105 27 112 65 79 0
P -96 356 141 407 -34 246 -11 -941 257 124 -175 481 92 98 909 -361 399 -137 68 127 0
S -55 -452 -188 -797 -20 -304 -1074 -865 -359 123 -319 -201 -159 -105 -361 707 -535 121 -574 -480 0
T 94 -112 262 -65 -46 280 -606 -1292 -40 261 -230 173 241 27 399 -535 1153 -15 152 272 0
W 45 226 64 125 88 214 180 -357 133 265 234 -24 52 112 -137 121 -15 660 32 21 0
Y 96 234 202 275 110 -60 143 70 558 -34 27 -2 36 65 68 -574 152 32 1166 179 0
V 123 57 287 182 0 278 0 -719 172 408 323 225 397 79 127 -480 272 21 179 1459 0
* 0 0 0 0 0 0 0 0 0 0 0 0 0 0 0 0 0 0 0 0 0
