 A R N D C Q E G H I L K M F P S T W Y V *
A 653 -178 -129 22 85 311 -135 -524 -256 16 -335 -48 189 -156 54 -210 -27 141 67 305 0
R -178 1509 -222 -269 143 382 -132 -434 293 310 639 300 246 102 270 -647 111 -18 59 269 0
N -129 -222 353 125 28 -198 -62 95 34 -212 -320 -140 -53 -121 -53 -68 186 28 39 105 0
D 22 -269 125 845 0 72 30 50 199 -204 -401 -34 -189 337 174 -573 -138 -81 57 -120 0
C 85 143 28 0 338 172 102 42 15 51 28 35 44 0 -234 108 -167 65 0 0 0
Q 311 382 -198 72 172 1543 714 -670 166 348 396 635 129 335 410 48 -59 165 -1 416 0
E -135 -132 -62 30 102 714 983 -396 -56 280 124 456 -137 240 6 -975 -530 200 44 196 0
G -524 -434 95 50 42 -670 -396 592 -341 -638 -808 -772 -266 -403 -1051 -471 -985 99 -52 -858 0
H -256 293 34 199 15 166 -56 -341 621 263 253 169 93 325 164 3 -90 85 294 226 0
I 16 310 -212 -204 51 348 280 -638 263 1469 665 156 232 322 184 158 237 333 245 461 0
L -335 639 -320 -401 28 396 124 -808 253 665 1395 124 388 359 54 -296 177 308 408 539 0
K -48 300 -140 -34 35 635 456 -772 169 156 124 597 78 157 457 -287 178 5 0 266 0
M 189 246 -53 -189 44 129 -137 -266 93 232 388 78 633 161 81 90 219 83 28 241 0
F -156 102 -121 337 0 335 240 -403 325 322 359 157 161 1489 138 -88 61 108 291 155 0
P 54 270 -53 174 -234 410 6 -1051 164 184 54 457 81 138 532 -391 289 -223 113 293 0
S -210 -647 -68 -573 108 48 -975 -471 3 158 -296 -287 90 -88 -391 653 -101 195 -262 -336 0
T -27 111 186 -138 -167 -59 -530 -985 -90 237 177 178 219 61 289 -101 1085 -203 160 215 0
W 141 -18 28 -81 65 165 200 99 85 333 308 5 83 108 -223 195 -203 1040 185 202 0
Y 67 59 39 57 0 -1 44 -52 294 245 408 0 28 291 113 -262 160 185 1293 74 0
V 305 269 105 -120 0 416 196 -858 226 461 539 266 241 155 293 -336 215 202 74 1161 0
* 0 0 0 0 0 0 0 0 0 0 0 0 0 0 0 0 0 0 0 0 0
