 A R N D C Q E G H I L K M F P S T W Y V *
A 832 -432 80 26 -174 50 67 -443 -200 -121 -155 -97 -377 -207 -94 81 189 -32 -59 -114 0
R -432 1035 123 134 418 183 -383 -517 205 -106 376 93 -152 70 -68 -713 -182 -19 213 117 0
N 80 123 1035 -82 -53 91 27 -58 -7 -99 3 -60 -70 -232 236 -380 479 -151 116 186 0
D 26 134 -82 750 11 504 6 -103 272 181 -150 48 -18 163 299 -671 24 52 55 -17 0
C -174 418 -53 11 705 -119 -45 -367 173 -308 -232 48 -355 -6 38 -312 -12 -5 15 52 0
Q 50 183 91 504 -119 1003 543 -888 -35 104 287 470 65 20 113 -525 301 -144 167 -248 0
E 67 -383 27 6 -45 543 1207 -547 288 212 76 555 -47 320 113 -900 -344 261 50 -296 0
G -443 -517 -58 -103 -367 -888 -547 745 -268 -959 -1173 -823 -15 -554 -878 -813 -986 -102 -99 -1613 0
H -200 205 -7 272 173 -35 288 -268 561 232 -43 270 130 429 154 -366 48 216 406 176 0
I -121 -106 -99 181 -308 104 212 -959 232 610 521 325 243 592 280 -28 100 283 110 426 0
L -155 376 3 -150 -232 287 76 -1173 -43 521 1320 136 256 270 -123 -325 -160 215 -18 -3 0
K -97 93 -60 48 48 470 555 -823 270 325 136 842 268 242 604 -346 190 215 160 415 0
M -377 -152 -70 -18 -355 65 -47 -15 130 243 256 268 738 215 134 -265 -193 306 135 146 0
F -207 70 -232 163 -6 20 320 -554 429 592 270 242 215 1129 8 -131 38 238 163 317 0
P -94 -68 236 299 38 113 113 -878 154 280 -123 604 134 8 786 -398 234 -117 67 120 0
S 81 -713 -380 -671 -312 -525 -900 -813 -366 -28 -325 -346 -265 -131 -398 793 -504 -26 -302 -367 0
T 189 -182 479 24 -12 301 -344 -986 48 100 -160 190 -193 38 234 -504 944 -276 158 330 0
W -32 -19 -151 52 -5 -144 261 -102 216 283 215 215 306 238 -117 -26 -276 181 141 -83 0
Y -59 213 116 55 15 167 50 -99 406 110 -18 160 135 163 67 -302 158 141 778 -140 0
V -114 117 186 -17 52 -248 -296 -1613 176 426 -3 415 146 317 120 -367 330 -83 -140 872 0
* 0 0 0 0 0 0 0 0 0 0 0 0 0 0 0 0 0 0 0 0 0
