 A R N D C Q E G H I L K M F P S T W Y V *
A 939 -38 185 -244 137 -312 -301 -423 -687 -223 -923 -148 -26 -478 -409 90 236 -388 -98 196 0
R -38 1635 -183 107 274 327 -111 -727 517 2 445 339 56 236 75 -675 -218 359 174 19 0
N 185 -183 1065 -111 93 -219 -191 41 -69 -159 -999 58 160 -319 -265 -195 460 -242 211 84 0
D -244 107 -111 1269 105 291 6 -48 209 334 -43 77 150 264 511 -883 -170 413 -175 70 0
C 137 274 93 105 565 -9 127 -80 157 54 -131 78 46 -56 -34 -20 -46 88 110 0 0
Q -312 327 -219 291 -9 1795 470 -1585 136 284 756 299 242 601 246 -423 -184 336 -531 225 0
E -301 -111 -191 6 127 470 1350 -690 20 200 13 387 -96 441 159 -1031 -875 145 -472 74 0
G -423 -727 41 -48 -80 -1585 -690 852 -405 -1951 -1896 -963 -16 -1518 -1106 -797 -643 -941 -499 -628 0
H -687 517 -69 209 157 136 20 -405 1013 -240 -295 218 -102 296 250 -738 -393 244 533 -89 0
I -223 2 -159 334 54 284 200 -1951 -240 1677 532 114 465 204 166 73 45 523 -147 365 0
L -923 445 -999 -43 -131 756 13 -1896 -295 532 1731 38 -27 640 -56 -649 -1422 200 -477 -190 0
K -148 339 58 77 78 299 387 -963 218 114 38 1059 161 63 516 -321 181 -68 81 289 0
M -26 56 160 150 46 242 -96 -16 -102 465 -27 161 1023 371 -32 -118 433 41 -115 487 0
F -478 236 -319 264 -56 601 441 -1518 296 204 640 63 371 1473 259 -92 -563 378 -68 19 0
P -409 75 -265 511 -34 246 159 -1106 250 166 -56 516 -32 259 971 -446 -94 6 -184 50 0
S 90 -675 -195 -883 -20 -423 -1031 -797 -738 73 -649 -321 -118 -92 -446 840 -606 -48 -742 -382 0
T 236 -218 460 -170 -46 -184 -875 -643 -393 45 -1422 181 433 -563 -94 -606 1256 -138 -88 121 0
W -388 359 -242 413 88 336 145 -941 244 523 200 -68 41 378 6 -48 -138 1133 155 22 0
Y -98 174 211 -175 110 -531 -472 -499 533 -147 -477 81 -115 -68 -184 -742 -88 155 1415 -351 0
V 196 19 84 70 0 225 74 -628 -89 365 -190 289 487 19 50 -382 121 22 -351 1767 0
* 0 0 0 0 0 0 0 0 0 0 0 0 0 0 0 0 0 0 0 0 0
