 A R N D C Q E G H I L K M F P S T W Y V *
A 938 -610 16 103 116 22 144 -456 -384 -191 -277 -75 -143 -314 45 -15 173 -73 -53 -103 0
R -610 1322 -234 -638 305 -117 -277 -470 256 284 503 400 107 -83 -233 -953 -219 165 36 43 0
N 16 -234 1125 211 123 -3 -29 62 -138 -115 -336 -188 -301 -295 189 -652 387 -136 -150 -48 0
D 103 -638 211 1170 -58 265 6 18 209 -173 -620 -102 -435 154 396 -882 -22 -247 165 -87 0
C 116 305 123 -58 612 35 123 -12 130 41 -123 135 46 -56 -23 -26 12 89 110 -46 0
Q 22 -117 -3 265 35 1491 505 -979 -171 201 405 586 94 46 464 -467 318 206 150 -387 0
E 144 -277 -29 6 123 505 1520 -615 164 258 191 626 -302 482 229 -1055 -260 348 204 -81 0
G -456 -470 62 18 -12 -979 -615 782 -368 -1081 -1331 -894 -70 -610 -974 -926 -998 -146 -135 -1730 0
H -384 256 -138 209 130 -171 164 -368 800 224 -5 198 11 438 66 -225 -74 119 392 -50 0
I -191 284 -115 -173 41 201 258 -1081 224 1173 712 325 9 549 232 -5 173 456 45 427 0
L -277 503 -336 -620 -123 405 191 -1331 -5 712 1616 210 184 280 -36 -268 -280 586 137 -3 0
K -75 400 -188 -102 135 586 626 -894 198 325 210 968 -6 155 539 -333 256 190 -69 444 0
M -143 107 -301 -435 46 94 -302 -70 11 9 184 -6 840 -10 -117 -52 -32 0 -195 23 0
F -314 -83 -295 154 -56 46 482 -610 438 549 280 155 -10 1648 86 -233 -9 272 463 384 0
P 45 -233 189 396 -23 464 229 -974 66 232 -36 539 -117 86 847 -432 405 -153 18 234 0
S -15 -953 -652 -882 -26 -467 -1055 -926 -225 -5 -268 -333 -52 -233 -432 963 -588 164 -401 -454 0
T 173 -219 387 -22 12 318 -260 -998 -74 173 -280 256 -32 -9 405 -588 942 -403 105 264 0
W -73 165 -136 -247 89 206 348 -146 119 456 586 190 0 272 -153 164 -403 1129 171 2 0
Y -53 36 -150 165 110 150 204 -135 392 45 137 -69 -195 463 18 -401 105 171 1170 -255 0
V -103 43 -48 -87 -46 -387 -81 -1730 -50 427 -3 444 23 384 234 -454 264 2 -255 1085 0
* 0 0 0 0 0 0 0 0 0 0 0 0 0 0 0 0 0 0 0 0 0
