 A R N D C Q E G H I L K M F P S T W Y V *
A 1008 -116 -111 143 136 42 -187 -495 -401 -156 -621 -31 -152 -446 -63 -133 38 101 209 108 0
R -116 1763 -166 -185 304 340 -111 -800 456 88 707 425 152 197 459 -531 -80 78 233 176 0
N -111 -166 864 91 123 -268 -188 288 134 -433 -567 -140 -124 -469 15 -258 211 -39 181 146 0
D 143 -185 91 1269 105 323 -17 -13 329 -44 -365 -15 -36 209 334 -869 -97 0 239 -7 0
C 136 304 123 105 609 40 180 -23 126 51 -132 129 44 -56 -34 -23 6 88 110 0 0
Q 42 340 -268 323 40 1890 771 -1037 296 346 497 538 163 390 375 -274 297 320 -29 349 0
E -187 -111 -188 -17 180 771 1529 -573 70 353 185 568 -67 370 106 -1039 -485 250 138 74 0
G -495 -800 288 -13 -23 -1037 -573 769 -308 -948 -1468 -857 -210 -661 -1136 -910 -1294 -325 85 -825 0
H -401 456 134 329 126 296 70 -308 935 118 114 187 162 389 282 -349 -62 153 518 224 0
I -156 88 -433 -44 51 346 353 -948 118 1542 641 172 355 4 199 159 222 365 14 531 0
L -621 707 -567 -365 -132 497 185 -1468 114 641 1858 138 295 448 -31 -208 -244 412 124 419 0
K -31 425 -140 -15 129 538 568 -857 187 172 138 726 78 104 575 -214 266 28 0 333 0
M -152 152 -124 -36 44 163 -67 -210 162 355 295 78 842 227 132 -172 290 67 -1 501 0
F -446 197 -469 209 -56 390 370 -661 389 4 448 104 227 1547 139 -53 -32 164 161 68 0
P -63 459 15 334 -34 375 106 -1136 282 199 -31 575 132 139 1002 -318 408 -150 87 181 0
S -133 -531 -258 -869 -23 -274 -1039 -910 -349 159 -208 -214 -172 -53 -318 834 -545 163 -583 -460 0
T 38 -80 211 -97 6 297 -485 -1294 -62 222 -244 266 290 -32 408 -545 1376 -51 167 279 0
W 101 78 -39 0 88 320 250 -325 153 365 412 28 67 164 -150 163 -51 958 158 93 0
Y 209 233 181 239 110 -29 138 85 518 14 124 0 -1 161 87 -583 167 158 1601 135 0
V 108 176 146 -7 0 349 74 -825 224 531 419 333 501 68 181 -460 279 93 135 1637 0
* 0 0 0 0 0 0 0 0 0 0 0 0 0 0 0 0 0 0 0 0 0
