 A R N D C Q E G H I L K M F P S T W Y V *
A 252 -202 -329 -443 221 76 -442 23 -643 136 352 -644 -284 -114 -1049 -559 -259 412 -1041 118 0
R -202 -413 -201 -367 128 388 181 -421 1 34 416 -475 16 -144 582 199 216 -210 -27 -259 0
N -329 -201 59 -325 -409 -440 -229 163 349 -380 -847 326 446 -249 -221 277 -407 -484 -167 -181 0
D -443 -367 -325 326 -410 -187 519 208 7 50 -533 356 -1113 188 -245 -487 103 319 453 -320 0
C 221 128 -409 -410 884 -15 129 -76 0 210 441 0 167 190 151 -47 -154 195 0 84 0
Q 76 388 -440 -187 -15 1727 541 -808 -234 -383 -342 -293 31 -654 353 319 718 -108 334 -662 0
E -442 181 -229 519 129 541 1155 -109 -545 208 -357 -722 -710 -88 510 -74 65 533 -271 -1036 0
G 23 -421 163 208 -76 -808 -109 391 373 233 -923 258 -776 -490 -367 -596 32 -562 -621 -331 0
H -643 1 349 7 0 -234 -545 373 2221 -273 -965 762 35 201 -624 123 342 -323 80 -160 0
I 136 34 -380 50 210 -383 208 233 -273 2681 -47 23 -292 526 -94 -1262 -84 -168 340 419 0
L 352 416 -847 -533 441 -342 -357 -923 -965 -47 882 -727 16 542 121 -370 -431 418 -480 534 0
K -644 -475 326 356 0 -293 -722 258 762 23 -727 589 514 430 -748 129 -218 0 658 303 0
M -284 16 446 -1113 167 31 -710 -776 35 -292 16 514 2332 889 -1176 313 -437 177 679 524 0
F -114 -144 -249 188 190 -654 -88 -490 201 526 542 430 889 1421 -288 -328 -624 601 604 837 0
P -1049 582 -221 -245 151 353 510 -367 -624 -94 121 -748 -1176 -288 408 120 248 14 -652 -1493 0
S -559 199 277 -487 -47 319 -74 -596 123 -1262 -370 129 313 -328 120 326 203 -1035 -159 -881 0
T -259 216 -407 103 -154 718 65 32 342 -84 -431 -218 -437 -624 248 203 106 -569 178 -697 0
W 412 -210 -484 319 195 -108 533 -562 -323 -168 418 0 177 601 14 -1035 -569 1118 525 916 0
Y -1041 -27 -167 453 0 334 -271 -621 80 340 -480 658 679 604 -652 -159 178 525 2145 954 0
V 118 -259 -181 -320 84 -662 -1036 -331 -160 419 534 303 524 837 -1493 -881 -697 916 954 1055 0
* 0 0 0 0 0 0 0 0 0 0 0 0 0 0 0 0 0 0 0 0 0
