 A R N D C Q E G H I L K M F P S T W Y V *
A 159 -156 -464 -575 151 -57 -412 -1 -839 -108 326 -680 -13 -185 -872 -440 -460 643 -795 444 0
R -156 -132 -403 -140 55 296 -213 -424 192 199 431 -252 297 311 480 142 169 -131 -232 -179 0
N -464 -403 1088 213 61 -263 61 535 -631 459 -544 -157 -81 -308 -880 -233 -90 -323 38 -299 0
D -575 -140 213 -13 -138 -46 206 99 220 -86 -354 210 -1106 53 132 25 80 -222 -13 -782 0
C 151 55 61 -138 567 -15 105 -36 0 -19 124 0 167 -4 35 -91 -17 195 0 -32 0
Q -57 296 -263 -46 -15 1043 424 -889 188 -182 502 -177 207 223 646 175 213 124 259 -447 0
E -412 -213 61 206 105 424 975 -215 -282 -695 189 -457 -1320 -162 573 117 -167 461 -839 -1061 0
G -1 -424 535 99 -36 -889 -215 263 -209 164 -1078 62 -1088 -728 -495 -289 87 -532 -345 -147 0
H -839 192 -631 220 0 188 -282 -209 470 148 -81 82 323 405 365 27 -236 -529 422 -634 0
I -108 199 459 -86 -19 -182 -695 164 148 1165 -788 -541 -106 -432 -74 -561 262 -935 -97 -244 0
L 326 431 -544 -354 124 502 189 -1078 -81 -788 406 -395 896 602 525 203 -423 261 41 147 0
K -680 -252 -157 210 0 -177 -457 62 82 -541 -395 290 410 136 -37 318 -467 164 516 198 0
M -13 297 -81 -1106 167 207 -1320 -1088 323 -106 896 410 2465 1095 -629 211 -1346 439 550 874 0
F -185 311 -308 53 -4 223 -162 -728 405 -432 602 136 1095 532 188 33 -347 142 418 196 0
P -872 480 -880 132 35 646 573 -495 365 -74 525 -37 -629 188 388 328 -174 107 127 -1474 0
S -440 142 -233 25 -91 175 117 -289 27 -561 203 318 211 33 328 -45 -35 -203 244 -164 0
T -460 169 -90 80 -17 213 -167 87 -236 262 -423 -467 -1346 -347 -174 -35 321 -525 -150 -343 0
W 643 -131 -323 -222 195 124 461 -532 -529 -935 261 164 439 142 107 -203 -525 1247 -132 776 0
Y -795 -232 38 -13 0 259 -839 -345 422 -97 41 516 550 418 127 244 -150 -132 720 110 0
V 444 -179 -299 -782 -32 -447 -1061 -147 -634 -244 147 198 874 196 -1474 -164 -343 776 110 729 0
* 0 0 0 0 0 0 0 0 0 0 0 0 0 0 0 0 0 0 0 0 0
