 A R N D C Q E G H I L K M F P S T W Y V *
A 39 -146 -143 -565 151 83 -322 -52 -772 148 373 -743 -281 -88 -1035 -599 -494 500 -895 252 0
R -146 -563 -215 -247 55 238 87 -261 -15 135 358 -475 -22 -95 450 102 205 -131 -91 -297 0
N -143 -215 -83 76 61 -427 -239 122 22 -21 -159 89 388 -7 -65 143 -347 -186 226 37 0
D -565 -247 76 145 -138 -146 394 207 12 -208 -518 311 -863 64 -56 183 22 -85 -170 -653 0
C 151 55 61 -138 567 -15 105 -36 0 -19 124 0 167 -4 35 -91 -17 195 0 -32 0
Q 83 238 -427 -146 -15 1006 547 -573 -362 -174 -85 -341 50 -397 394 125 407 152 121 -500 0
E -322 87 -239 394 105 547 730 59 -39 -74 -527 -499 -707 -370 423 107 160 383 -558 -1474 0
G -52 -261 122 207 -36 -573 59 243 167 258 -798 70 -752 -437 -189 -575 -24 -508 -281 -143 0
H -772 -15 22 12 0 -362 -39 167 974 285 -943 192 4 11 173 122 192 -208 195 -244 0
I 148 135 -21 -208 -19 -174 -74 258 285 1708 -503 -25 -19 -3 175 -746 152 -541 -32 -183 0
L 373 358 -159 -518 124 -85 -527 -798 -943 -503 294 -644 55 146 -103 115 -128 161 -737 160 0
K -743 -475 89 311 0 -341 -499 70 192 -25 -644 207 520 310 -213 267 -306 79 737 182 0
M -281 -22 388 -863 167 50 -707 -752 4 -19 55 520 2219 894 -1275 248 -461 439 958 786 0
F -88 -95 -7 64 -4 -397 -370 -437 11 -3 146 310 894 747 -376 196 -404 401 404 442 0
P -1035 450 -65 -56 35 394 423 -189 173 175 -103 -213 -1275 -376 23 256 283 218 -563 -1296 0
S -599 102 143 183 -91 125 107 -575 122 -746 115 267 248 196 256 -84 93 -373 431 -283 0
T -494 205 -347 22 -17 407 160 -24 192 152 -128 -306 -461 -404 283 93 86 -384 125 -492 0
W 500 -131 -186 -85 195 152 383 -508 -208 -541 161 79 439 401 218 -373 -384 914 121 511 0
Y -895 -91 226 -170 0 121 -558 -281 195 -32 -737 737 958 404 -563 431 125 121 984 450 0
V 252 -297 37 -653 -32 -500 -1474 -143 -244 -183 160 182 786 442 -1296 -283 -492 511 450 417 0
* 0 0 0 0 0 0 0 0 0 0 0 0 0 0 0 0 0 0 0 0 0
