 A R N D C Q E G H I L K M F P S T W Y V *
A 27 272 138 -36 129 79 -541 -115 -302 -44 103 -46 -135 -133 192 234 275 -285 -324 274 0
R 272 -8 146 -51 94 153 -492 -135 -66 55 194 34 80 -49 134 219 267 -43 -138 312 0
N 138 146 127 31 119 139 -120 -267 -187 42 45 -71 -136 -24 91 54 79 -175 -185 208 0
D -36 -51 31 -251 -28 -21 81 -8 48 -4 -28 -179 4 8 4 -8 -86 -5 -2 -44 0
C 129 94 119 -28 166 -48 -391 -207 -8 -333 -203 -2 -276 0 134 92 119 0 -402 86 0
Q 79 153 139 -21 -48 -249 56 -254 48 236 253 201 76 150 -66 -3 45 79 -3 251 0
E -541 -492 -120 81 -391 56 375 -19 84 122 -357 134 -325 122 -526 -538 -507 130 0 -454 0
G -115 -135 -267 -8 -207 -254 -19 93 73 -209 -230 2 40 -195 -88 10 -136 22 195 -330 0
H -302 -66 -187 48 -8 48 84 73 44 50 -13 126 201 136 -79 -182 -309 227 159 -17 0
I -44 55 42 -4 -333 236 122 -209 50 -43 290 225 98 260 -61 -127 -30 103 -64 210 0
L 103 194 45 -28 -203 253 -357 -230 -13 290 545 226 143 243 50 1 97 48 -132 308 0
K -46 34 -71 -179 -2 201 134 2 126 225 226 -100 163 135 -124 -40 91 175 126 158 0
M -135 80 -136 4 -276 76 -325 40 201 98 143 163 549 183 125 -83 -122 275 103 152 0
F -133 -49 -24 8 0 150 122 -195 136 260 243 135 183 650 -59 -206 -117 199 30 111 0
P 192 134 91 4 134 -66 -526 -88 -79 -61 50 -124 125 -59 -162 175 175 -21 -157 123 0
S 234 219 54 -8 92 -3 -538 10 -182 -127 1 -40 -83 -206 175 -96 236 -237 -111 162 0
T 275 267 79 -86 119 45 -507 -136 -309 -30 97 91 -122 -117 175 236 278 -246 -346 225 0
W -285 -43 -175 -5 0 79 130 22 227 103 48 175 275 199 -21 -237 -246 162 113 39 0
Y -324 -138 -185 -2 -402 -3 0 195 159 -64 -132 126 103 30 -157 -111 -346 113 555 -113 0
V 274 312 208 -44 86 251 -454 -330 -17 210 308 158 152 111 123 162 225 39 -113 169 0
* 0 0 0 0 0 0 0 0 0 0 0 0 0 0 0 0 0 0 0 0 0
