 A R N D C Q E G H I L K M F P S T W Y V *
A 709 -234 198 -7 -215 27 -149 2 -250 -474 -247 -489 -396 -664 -65 -305 50 -568 -388 5 0
R -234 474 -494 -19 226 48 -611 -245 -22 -173 -44 -41 -337 29 -79 -95 -32 -178 -135 -51 0
N 198 -494 1229 -12 98 -861 -91 -7 -524 -516 -188 -207 -214 -223 -346 -11 -26 141 220 212 0
D -7 -19 -12 224 95 64 138 -22 -6 -220 33 -175 -85 149 -54 -193 -156 -106 -90 132 0
C -215 226 98 95 3139 -331 123 -638 -117 53 131 260 29 -39 64 -173 -138 12 -54 433 0
Q 27 48 -861 64 -331 305 -367 -93 -35 105 -116 -409 -319 -319 -2 -83 23 -240 -322 -45 0
E -149 -611 -91 138 123 -367 628 -317 314 123 210 128 116 5 223 -332 37 -188 123 308 0
G 2 -245 -7 -22 -638 -93 -317 432 -367 -475 -386 -401 -303 -338 -382 24 -80 -193 -234 -266 0
H -250 -22 -524 -6 -117 -35 314 -367 998 279 138 180 -38 497 21 -308 -16 144 504 211 0
I -474 -173 -516 -220 53 105 123 -475 279 543 358 398 427 310 387 -299 18 335 197 57 0
L -247 -44 -188 33 131 -116 210 -386 138 358 413 250 -54 347 309 -266 29 9 80 221 0
K -489 -41 -207 -175 260 -409 128 -401 180 398 250 1084 -103 -58 332 123 -230 354 67 303 0
M -396 -337 -214 -85 29 -319 116 -303 -38 427 -54 -103 1892 -133 12 -282 -16 322 -202 12 0
F -664 29 -223 149 -39 -319 5 -338 497 310 347 -58 -133 840 217 -236 -52 219 342 59 0
P -65 -79 -346 -54 64 -2 223 -382 21 387 309 332 12 217 438 -92 -62 -80 -168 213 0
S -305 -95 -11 -193 -173 -83 -332 24 -308 -299 -266 123 -282 -236 -92 510 -156 167 -440 -290 0
T 50 -32 -26 -156 -138 23 37 -80 -16 18 29 -230 -16 -52 -62 -156 243 -292 -29 -51 0
W -568 -178 141 -106 12 -240 -188 -193 144 335 9 354 322 219 -80 167 -292 1664 347 109 0
Y -388 -135 220 -90 -54 -322 123 -234 504 197 80 67 -202 342 -168 -440 -29 347 643 161 0
V 5 -51 212 132 433 -45 308 -266 211 57 221 303 12 59 213 -290 -51 109 161 158 0
* 0 0 0 0 0 0 0 0 0 0 0 0 0 0 0 0 0 0 0 0 0
