 A R N D C Q E G H I L K M F P S T W Y V *
A 786 -175 153 -51 -212 -126 -160 47 -111 -553 -302 -631 -425 -771 -147 -309 147 -376 -184 55 0
R -175 624 -606 -152 244 -191 -598 -161 -243 -263 -163 -209 -316 -66 -151 -45 -42 -208 -552 -55 0
N 153 -606 1754 -230 -339 -1074 -429 -144 -333 -949 -541 -154 -421 -481 -626 -3 297 191 452 70 0
D -51 -152 -230 259 181 234 161 -76 113 -254 101 -182 -136 170 -25 -244 -215 -139 39 80 0
C -212 244 -339 181 3236 -397 71 -572 -197 -136 54 89 -33 45 -72 -147 -215 41 -494 408 0
Q -126 -191 -1074 234 -397 591 -256 -299 231 277 92 -3 -271 -145 203 -203 -71 -194 79 -91 0
E -160 -598 -429 161 71 -256 660 -334 294 153 261 52 113 -25 272 -319 -12 -209 -72 283 0
G 47 -161 -144 -76 -572 -299 -334 547 -384 -557 -460 -498 -224 -306 -443 34 -51 -114 -460 -169 0
H -111 -243 -333 113 -197 231 294 -384 797 158 230 56 -113 360 76 -463 -22 31 635 152 0
I -553 -263 -949 -254 -136 277 153 -557 158 887 542 382 580 305 571 -460 -84 205 -52 125 0
L -302 -163 -541 101 54 92 261 -460 230 542 541 336 -3 402 449 -331 -115 -153 0 205 0
K -631 -209 -154 -182 89 -3 52 -498 56 382 336 1034 -99 91 432 105 -318 125 24 194 0
M -425 -316 -421 -136 -33 -271 113 -224 -113 580 -3 -99 2061 -20 31 -422 -38 256 -484 133 0
F -771 -66 -481 170 45 -145 -25 -306 360 305 402 91 -20 901 268 -303 -148 38 173 74 0
P -147 -151 -626 -25 -72 203 272 -443 76 571 449 432 31 268 478 -139 -168 -176 -250 196 0
S -309 -45 -3 -244 -147 -203 -319 34 -463 -460 -331 105 -422 -303 -139 611 -189 127 -653 -375 0
T 147 -42 297 -215 -215 -71 -12 -51 -22 -84 -115 -318 -38 -148 -168 -189 333 -251 12 -42 0
W -376 -208 191 -139 41 -194 -209 -114 31 205 -153 125 256 38 -176 127 -251 1528 137 96 0
Y -184 -552 452 39 -494 79 -72 -460 635 -52 0 24 -484 173 -250 -653 12 137 1078 -109 0
V 55 -55 70 80 408 -91 283 -169 152 125 205 194 133 74 196 -375 -42 96 -109 253 0
* 0 0 0 0 0 0 0 0 0 0 0 0 0 0 0 0 0 0 0 0 0
