 A R N D C Q E G H I L K M F P S T W Y V *
A 934 2 328 145 246 2 6 -297 -26 -229 12 -422 -147 -422 209 -762 65 -496 124 302 0
R 2 331 11 -100 414 143 -1043 -276 -333 0 -179 336 -134 -128 197 323 -64 -391 -298 -207 0
N 328 11 747 -68 130 -560 -286 79 -581 -627 0 -897 156 129 -546 -248 152 -270 -185 -79 0
D 145 -100 -68 142 -330 102 131 -24 80 -177 -25 -465 -71 209 -130 -148 -202 -374 -95 102 0
C 246 414 130 -330 2348 104 229 -936 -18 431 104 303 -269 13 96 -79 -170 -74 -133 549 0
Q 2 143 -560 102 104 260 -633 -1 4 11 -299 48 -529 -402 0 74 -159 -375 -375 247 0
E 6 -1043 -286 131 229 -633 1180 -411 558 173 336 126 -120 -283 299 -665 109 -437 -57 447 0
G -297 -276 79 -24 -936 -1 -411 298 -191 -99 -285 -461 213 20 -299 64 7 252 121 -384 0
H -26 -333 -581 80 -18 4 558 -191 997 192 424 178 -226 197 270 -603 -143 -176 502 323 0
I -229 0 -627 -177 431 11 173 -99 192 226 18 470 -38 1 257 -188 -53 100 101 125 0
L 12 -179 0 -25 104 -299 336 -285 424 18 412 227 -356 273 215 -313 -13 -32 -148 318 0
K -422 336 -897 -465 303 48 126 -461 178 470 227 1058 -426 -198 467 184 -306 -232 -342 309 0
M -147 -134 156 -71 -269 -529 -120 213 -226 -38 -356 -426 1389 -393 -540 -395 14 128 -364 -188 0
F -422 -128 129 209 13 -402 -283 20 197 1 273 -198 -393 630 -4 -271 4 -126 231 -226 0
P 209 197 -546 -130 96 0 299 -299 270 257 215 467 -540 -4 363 -143 -135 -212 -435 276 0
S -762 323 -248 -148 -79 74 -665 64 -603 -188 -313 184 -395 -271 -143 586 -129 189 -783 -588 0
T 65 -64 152 -202 -170 -159 109 7 -143 -53 -13 -306 14 4 -135 -129 226 -477 -81 6 0
W -496 -391 -270 -374 -74 -375 -437 252 -176 100 -32 -232 128 -126 -212 189 -477 1448 269 -37 0
Y 124 -298 -185 -95 -133 -375 -57 121 502 101 -148 -342 -364 231 -435 -783 -81 269 425 92 0
V 302 -207 -79 102 549 247 447 -384 323 125 318 309 -188 -226 276 -588 6 -37 92 378 0
* 0 0 0 0 0 0 0 0 0 0 0 0 0 0 0 0 0 0 0 0 0
