 A R N D C Q E G H I L K M F P S T W Y V *
A 39 155 108 -41 16 53 -56 45 178 17 -13 -90 -103 -31 21 -80 82 -131 -198 -23 0
R 155 -74 -4 -15 170 230 15 -98 111 -74 9 86 -103 121 82 97 100 -82 -100 89 0
N 108 -4 82 39 160 -232 -345 136 -403 -406 37 -648 151 28 -199 87 -142 111 -332 -177 0
D -41 -15 39 92 -368 -24 25 50 -7 -183 -25 -44 160 -60 114 -20 -148 30 4 -73 0
C 16 170 160 -368 1766 188 238 -448 -183 302 -208 281 -222 -85 -163 73 -40 -211 -253 254 0
Q 53 230 -232 -24 188 64 -6 -15 -65 19 -322 -26 -305 -65 130 36 -72 -59 -118 187 0
E -56 15 -345 25 238 -6 460 -439 60 202 25 284 25 -15 185 -38 99 -218 -109 178 0
G 45 -98 136 50 -448 -15 -439 89 -51 -44 -117 -550 130 -153 -96 -49 -99 206 300 -202 0
H 178 111 -403 -7 -183 -65 60 -51 1 175 -104 -15 -183 278 123 -415 -6 38 445 -23 0
I 17 -74 -406 -183 302 19 202 -44 175 -75 -199 168 -40 -46 -9 -257 99 29 196 178 0
L -13 9 37 -25 -208 -322 25 -117 -104 -199 -102 149 -23 378 21 80 32 -192 -339 -14 0
K -90 86 -648 -44 281 -26 284 -550 -15 168 149 522 155 137 141 92 82 -47 -136 313 0
M -103 -103 151 160 -222 -305 25 130 -183 -40 -23 155 424 121 -196 -231 -179 396 3 -52 0
F -31 121 28 -60 -85 -65 -15 -153 278 -46 378 137 121 374 -179 21 75 -62 202 -138 0
P 21 82 -199 114 -163 130 185 -96 123 -9 21 141 -196 -179 -125 -1 -10 -148 -156 95 0
S -80 97 87 -20 73 36 -38 -49 -415 -257 80 92 -231 21 -1 -83 -32 -75 -285 10 0
T 82 100 -142 -148 -40 -72 99 -99 -6 99 32 82 -179 75 -10 -32 35 -398 -458 75 0
W -131 -82 111 30 -211 -59 -218 206 38 29 -192 -47 396 -62 -148 -75 -398 322 348 -106 0
Y -198 -100 -332 4 -253 -118 -109 300 445 196 -339 -136 3 202 -156 -285 -458 348 24 -160 0
V -23 89 -177 -73 254 187 178 -202 -23 178 -14 313 -52 -138 95 10 75 -106 -160 -204 0
* 0 0 0 0 0 0 0 0 0 0 0 0 0 0 0 0 0 0 0 0 0
